>TAGGCCTA	1-TAGGCCTA	8.236954	-4838.587951	0	T:5232.0(20.59%),B:2642.2(2.30%),P:1e-2101	Tpos:990.9,Tstd:533.3,Bpos:1027.1,Bstd:623.0,StrandBias:0.0,Multiplicity:1.35
0.100	0.100	0.100	0.700
0.700	0.100	0.100	0.100
0.100	0.100	0.700	0.100
0.100	0.100	0.700	0.100
0.100	0.700	0.100	0.100
0.100	0.700	0.100	0.100
0.100	0.100	0.100	0.700
0.700	0.100	0.100	0.100
>TGCCACTG	2-TGCCACTG	7.270693	-3839.296028	0	T:16269.0(64.02%),B:39167.1(34.04%),P:1e-1667	Tpos:969.6,Tstd:567.7,Bpos:1001.7,Bstd:639.1,StrandBias:0.1,Multiplicity:1.75
0.041	0.208	0.051	0.700
0.001	0.001	0.997	0.001
0.001	0.881	0.054	0.064
0.001	0.919	0.001	0.079
0.997	0.001	0.001	0.001
0.001	0.777	0.107	0.115
0.054	0.001	0.001	0.944
0.001	0.001	0.928	0.070
>TTTTTAAA	3-TTTTTAAA	10.592898	-3699.286020	0	T:12204.0(48.02%),B:23833.8(20.72%),P:1e-1606	Tpos:1045.3,Tstd:587.8,Bpos:1004.6,Bstd:634.6,StrandBias:-0.0,Multiplicity:1.54
0.001	0.001	0.001	0.997
0.001	0.001	0.001	0.997
0.001	0.001	0.001	0.997
0.001	0.001	0.001	0.997
0.377	0.001	0.001	0.621
0.997	0.001	0.001	0.001
0.997	0.001	0.001	0.001
0.997	0.001	0.001	0.001
>TGATGATG	4-TGATGATG	8.236954	-3449.457972	0	T:6860.0(26.99%),B:8257.0(7.18%),P:1e-1498	Tpos:1018.6,Tstd:568.6,Bpos:1000.1,Bstd:649.0,StrandBias:0.2,Multiplicity:1.42
0.100	0.100	0.100	0.700
0.100	0.100	0.700	0.100
0.700	0.100	0.100	0.100
0.100	0.100	0.100	0.700
0.100	0.100	0.700	0.100
0.700	0.100	0.100	0.100
0.100	0.100	0.100	0.700
0.100	0.100	0.700	0.100
>AAAAAAAA	5-AAAAAAAA	8.236954	-3204.687285	0	T:13181.0(51.87%),B:29360.5(25.52%),P:1e-1391	Tpos:1009.8,Tstd:580.5,Bpos:990.1,Bstd:919.1,StrandBias:0.2,Multiplicity:1.51
0.700	0.100	0.100	0.100
0.700	0.100	0.100	0.100
0.700	0.100	0.100	0.100
0.700	0.100	0.100	0.100
0.700	0.100	0.100	0.100
0.700	0.100	0.100	0.100
0.700	0.100	0.100	0.100
0.700	0.100	0.100	0.100
>TGTGTCCA	6-TGTGTCCA	7.496612	-3090.146235	0	T:17159.0(67.52%),B:46594.2(40.50%),P:1e-1342	Tpos:989.1,Tstd:562.7,Bpos:998.0,Bstd:653.1,StrandBias:-0.0,Multiplicity:1.94
0.061	0.001	0.001	0.937
0.001	0.070	0.928	0.001
0.001	0.001	0.001	0.997
0.001	0.086	0.912	0.001
0.001	0.069	0.090	0.840
0.141	0.683	0.067	0.109
0.001	0.997	0.001	0.001
0.806	0.066	0.001	0.127
>ACAGACAA	7-ACAGACAA	7.525502	-3050.645899	0	T:16149.0(63.55%),B:42254.2(36.73%),P:1e-1324	Tpos:1007.8,Tstd:571.4,Bpos:1001.0,Bstd:729.2,StrandBias:0.0,Multiplicity:1.63
0.707	0.001	0.063	0.229
0.001	0.872	0.126	0.001
0.810	0.085	0.001	0.104
0.224	0.127	0.648	0.001
0.900	0.001	0.098	0.001
0.001	0.958	0.040	0.001
0.757	0.082	0.001	0.160
0.514	0.001	0.351	0.134
>CACACACA	8-CACACACA	8.236954	-3020.785762	0	T:6445.0(25.36%),B:8196.5(7.12%),P:1e-1311	Tpos:995.2,Tstd:567.0,Bpos:1002.9,Bstd:842.7,StrandBias:0.1,Multiplicity:1.68
0.100	0.700	0.100	0.100
0.700	0.100	0.100	0.100
0.100	0.700	0.100	0.100
0.700	0.100	0.100	0.100
0.100	0.700	0.100	0.100
0.700	0.100	0.100	0.100
0.100	0.700	0.100	0.100
0.700	0.100	0.100	0.100
>TGTCCAGG	9-TGTCCAGG	7.454540	-2878.759170	0	T:13764.0(54.16%),B:33084.9(28.76%),P:1e-1250	Tpos:955.0,Tstd:558.7,Bpos:999.9,Bstd:637.9,StrandBias:0.1,Multiplicity:1.62
0.001	0.016	0.001	0.982
0.001	0.110	0.823	0.066
0.001	0.135	0.031	0.833
0.001	0.997	0.001	0.001
0.001	0.997	0.001	0.001
0.887	0.001	0.001	0.111
0.190	0.071	0.641	0.098
0.001	0.093	0.864	0.042
>TGTCTGCC	10-TGTCTGCC	6.927432	-2852.369522	0	T:16342.0(64.31%),B:44103.4(38.33%),P:1e-1238	Tpos:971.0,Tstd:564.1,Bpos:1000.4,Bstd:654.2,StrandBias:-0.1,Multiplicity:1.82
0.038	0.001	0.188	0.773
0.001	0.001	0.997	0.001
0.055	0.061	0.032	0.852
0.001	0.997	0.001	0.001
0.001	0.001	0.001	0.997
0.065	0.122	0.573	0.240
0.001	0.997	0.001	0.001
0.068	0.849	0.001	0.082
>TTTGTTTT	11-TTTGTTTT	4.161567	-2761.769417	0	T:19218.0(75.62%),B:58284.4(50.66%),P:1e-1199	Tpos:1034.1,Tstd:587.3,Bpos:995.1,Bstd:745.0,StrandBias:-0.0,Multiplicity:1.93
0.001	0.001	0.001	0.997
0.001	0.001	0.001	0.997
0.001	0.001	0.001	0.997
0.001	0.001	0.997	0.001
0.001	0.001	0.001	0.997
0.001	0.001	0.001	0.997
0.001	0.001	0.001	0.997
0.001	0.312	0.001	0.686
>CASAGACA	12-CASAGACA	6.889960	-2761.690299	0	T:19030.0(74.88%),B:57332.0(49.83%),P:1e-1199	Tpos:982.4,Tstd:564.6,Bpos:994.7,Bstd:683.0,StrandBias:0.1,Multiplicity:1.95
0.143	0.769	0.087	0.001
0.971	0.001	0.001	0.027
0.051	0.466	0.481	0.001
0.568	0.001	0.121	0.310
0.087	0.086	0.826	0.001
0.976	0.001	0.022	0.001
0.153	0.741	0.047	0.059
0.678	0.123	0.134	0.065
>TGTTGTTG	13-TGTTGTTG	9.236741	-2746.100522	0	T:9193.0(36.17%),B:17062.2(14.83%),P:1e-1192	Tpos:1005.2,Tstd:568.4,Bpos:1005.7,Bstd:790.7,StrandBias:-0.3,Multiplicity:1.55
0.001	0.001	0.001	0.997
0.001	0.001	0.997	0.001
0.001	0.001	0.001	0.997
0.001	0.001	0.001	0.997
0.001	0.001	0.997	0.001
0.001	0.160	0.001	0.838
0.001	0.001	0.001	0.997
0.001	0.001	0.997	0.001
>TKTCTGTC	14-TKTCTGTC	8.384621	-2708.583018	0	T:16815.0(66.17%),B:46992.7(40.84%),P:1e-1176	Tpos:973.1,Tstd:562.1,Bpos:1007.8,Bstd:752.3,StrandBias:-0.1,Multiplicity:2.67
0.001	0.001	0.001	0.997
0.001	0.257	0.445	0.297
0.001	0.001	0.001	0.997
0.001	0.769	0.229	0.001
0.001	0.001	0.001	0.997
0.001	0.240	0.462	0.297
0.001	0.001	0.001	0.997
0.001	0.997	0.001	0.001
>TCTTCTTC	15-TCTTCTTC	8.236954	-2680.618337	0	T:7599.0(29.90%),B:12331.0(10.72%),P:1e-1164	Tpos:984.2,Tstd:550.6,Bpos:1004.3,Bstd:847.6,StrandBias:-0.4,Multiplicity:1.94
0.100	0.100	0.100	0.700
0.100	0.700	0.100	0.100
0.100	0.100	0.100	0.700
0.100	0.100	0.100	0.700
0.100	0.700	0.100	0.100
0.100	0.100	0.100	0.700
0.100	0.100	0.100	0.700
0.100	0.700	0.100	0.100
>CAGCAGCA	16-CAGCAGCA	7.681881	-2428.124284	0	T:10287.0(40.48%),B:22030.2(19.15%),P:1e-1054	Tpos:998.6,Tstd:568.7,Bpos:998.3,Bstd:673.4,StrandBias:0.1,Multiplicity:1.44
0.001	0.997	0.001	0.001
0.925	0.001	0.001	0.073
0.072	0.001	0.881	0.046
0.001	0.997	0.001	0.001
0.895	0.063	0.001	0.041
0.001	0.034	0.897	0.068
0.086	0.912	0.001	0.001
0.707	0.247	0.001	0.045
>TAAATAAA	17-TAAATAAA	9.751790	-2250.252540	0	T:16779.0(66.03%),B:49404.8(42.94%),P:1e-977	Tpos:1073.2,Tstd:588.9,Bpos:994.8,Bstd:680.2,StrandBias:0.1,Multiplicity:2.03
0.328	0.001	0.001	0.670
0.997	0.001	0.001	0.001
0.997	0.001	0.001	0.001
0.997	0.001	0.001	0.001
0.001	0.184	0.001	0.814
0.997	0.001	0.001	0.001
0.997	0.001	0.001	0.001
0.997	0.001	0.001	0.001
>GGGGGGGG	18-GGGGGGGG	8.236954	-2187.530860	0	T:4843.0(19.06%),B:6155.4(5.35%),P:1e-950	Tpos:996.7,Tstd:562.4,Bpos:1003.8,Bstd:995.3,StrandBias:-0.2,Multiplicity:2.38
0.100	0.100	0.700	0.100
0.100	0.100	0.700	0.100
0.100	0.100	0.700	0.100
0.100	0.100	0.700	0.100
0.100	0.100	0.700	0.100
0.100	0.100	0.700	0.100
0.100	0.100	0.700	0.100
0.100	0.100	0.700	0.100
>GCTGGCTG	19-GCTGGCTG	6.433279	-1956.850017	0	T:15350.0(60.40%),B:44726.3(38.87%),P:1e-849	Tpos:959.2,Tstd:564.2,Bpos:999.8,Bstd:662.3,StrandBias:-0.0,Multiplicity:1.91
0.144	0.001	0.803	0.052
0.103	0.841	0.001	0.055
0.029	0.001	0.001	0.969
0.001	0.001	0.901	0.097
0.172	0.001	0.814	0.013
0.001	0.885	0.037	0.077
0.102	0.001	0.001	0.896
0.034	0.001	0.964	0.001
>CAGCTGTG	20-CAGCTGTG	7.301829	-1794.826732	0	T:11262.0(44.32%),B:28755.6(24.99%),P:1e-779	Tpos:966.3,Tstd:571.0,Bpos:999.9,Bstd:653.3,StrandBias:-0.0,Multiplicity:1.45
0.159	0.740	0.100	0.001
0.959	0.001	0.001	0.039
0.049	0.001	0.819	0.131
0.001	0.958	0.040	0.001
0.067	0.001	0.001	0.931
0.001	0.044	0.784	0.171
0.037	0.001	0.034	0.928
0.001	0.060	0.938	0.001
>ATATATAT	21-ATATATAT	8.236954	-1101.764476	0	T:5284.0(20.79%),B:11105.5(9.65%),P:1e-478	Tpos:1038.8,Tstd:576.7,Bpos:1003.0,Bstd:602.2,StrandBias:0.0,Multiplicity:1.52
0.700	0.100	0.100	0.100
0.100	0.100	0.100	0.700
0.700	0.100	0.100	0.100
0.100	0.100	0.100	0.700
0.700	0.100	0.100	0.100
0.100	0.100	0.100	0.700
0.700	0.100	0.100	0.100
0.100	0.100	0.100	0.700
>GAGAGAGA	22-GAGAGAGA	8.236954	-1054.801019	0	T:4562.0(17.95%),B:9025.1(7.84%),P:1e-458	Tpos:975.3,Tstd:552.4,Bpos:985.0,Bstd:835.2,StrandBias:-0.1,Multiplicity:4.25
0.100	0.100	0.700	0.100
0.700	0.100	0.100	0.100
0.100	0.100	0.700	0.100
0.700	0.100	0.100	0.100
0.100	0.100	0.700	0.100
0.700	0.100	0.100	0.100
0.100	0.100	0.700	0.100
0.700	0.100	0.100	0.100
>AATAATAA	23-AATAATAA	8.236954	-958.974789	0	T:9151.0(36.01%),B:25881.4(22.50%),P:1e-416	Tpos:1078.1,Tstd:590.1,Bpos:1000.6,Bstd:645.8,StrandBias:0.2,Multiplicity:1.36
0.700	0.100	0.100	0.100
0.700	0.100	0.100	0.100
0.100	0.100	0.100	0.700
0.700	0.100	0.100	0.100
0.700	0.100	0.100	0.100
0.100	0.100	0.100	0.700
0.700	0.100	0.100	0.100
0.700	0.100	0.100	0.100
>GATAGATA	24-GATAGATA	8.236954	-2.412913	0	T:2565.0(10.09%),B:11290.8(9.81%),P:1e-1	Tpos:925.7,Tstd:529.3,Bpos:993.4,Bstd:621.4,StrandBias:0.1,Multiplicity:6.37
0.100	0.100	0.700	0.100
0.700	0.100	0.100	0.100
0.100	0.100	0.100	0.700
0.700	0.100	0.100	0.100
0.100	0.100	0.700	0.100
0.700	0.100	0.100	0.100
0.100	0.100	0.100	0.700
0.700	0.100	0.100	0.100
>GTAGTAGT	25-GTAGTAGT	8.236954	0.000000	0	T:1292.0(5.08%),B:7821.2(6.80%),P:1e0	Tpos:998.5,Tstd:555.8,Bpos:996.3,Bstd:629.9,StrandBias:0.1,Multiplicity:2.15
0.100	0.100	0.700	0.100
0.100	0.100	0.100	0.700
0.700	0.100	0.100	0.100
0.100	0.100	0.700	0.100
0.100	0.100	0.100	0.700
0.700	0.100	0.100	0.100
0.100	0.100	0.700	0.100
0.100	0.100	0.100	0.700
