>TTTTTTAAAA	1-TTTTTTAAAA	10.906120	-5538.243893	0	T:7159.0(28.17%),B:5216.4(4.53%),P:1e-2405	Tpos:1044.1,Tstd:586.5,Bpos:1013.3,Bstd:638.6,StrandBias:-0.1,Multiplicity:1.26
0.074	0.031	0.032	0.863
0.038	0.001	0.026	0.935
0.001	0.001	0.001	0.997
0.001	0.023	0.001	0.975
0.001	0.001	0.001	0.997
0.112	0.022	0.001	0.865
0.722	0.001	0.001	0.276
0.997	0.001	0.001	0.001
0.997	0.001	0.001	0.001
0.827	0.043	0.039	0.091
>CACACACACA	2-CACACACACA	5.552455	-5317.236545	0	T:11937.0(46.97%),B:17968.9(15.62%),P:1e-2309	Tpos:979.7,Tstd:550.6,Bpos:1003.3,Bstd:792.4,StrandBias:-0.0,Multiplicity:1.85
0.001	0.660	0.338	0.001
0.997	0.001	0.001	0.001
0.001	0.694	0.304	0.001
0.997	0.001	0.001	0.001
0.001	0.772	0.226	0.001
0.997	0.001	0.001	0.001
0.001	0.718	0.280	0.001
0.997	0.001	0.001	0.001
0.001	0.706	0.292	0.001
0.997	0.001	0.001	0.001
>TAGGCCTACA	3-TAGGCCTACA	9.063553	-5312.242569	0	T:5763.0(22.68%),B:2981.9(2.59%),P:1e-2307	Tpos:990.8,Tstd:533.2,Bpos:1020.4,Bstd:616.1,StrandBias:-0.0,Multiplicity:1.37
0.001	0.013	0.001	0.985
0.997	0.001	0.001	0.001
0.001	0.001	0.997	0.001
0.006	0.001	0.992	0.001
0.001	0.964	0.001	0.034
0.001	0.997	0.001	0.001
0.001	0.001	0.001	0.997
0.977	0.001	0.021	0.001
0.039	0.719	0.001	0.241
0.586	0.087	0.052	0.275
>TTGTTTSTYT	4-TTGTTTSTYT	7.502662	-4940.570745	0	T:21263.0(83.67%),B:58865.9(51.16%),P:1e-2145	Tpos:1012.2,Tstd:574.8,Bpos:998.0,Bstd:785.7,StrandBias:-0.0,Multiplicity:2.22
0.172	0.170	0.061	0.597
0.071	0.029	0.010	0.890
0.001	0.075	0.850	0.074
0.025	0.059	0.001	0.915
0.036	0.104	0.228	0.632
0.025	0.048	0.034	0.893
0.001	0.392	0.402	0.206
0.041	0.001	0.058	0.900
0.012	0.351	0.211	0.426
0.031	0.375	0.035	0.559
>CAGTGGCACA	5-CAGTGGCACA	8.139351	-4556.427867	0	T:10168.0(40.01%),B:14596.2(12.69%),P:1e-1978	Tpos:952.5,Tstd:559.6,Bpos:997.8,Bstd:652.7,StrandBias:0.0,Multiplicity:1.30
0.158	0.840	0.001	0.001
0.800	0.001	0.001	0.198
0.179	0.147	0.662	0.012
0.110	0.159	0.001	0.730
0.001	0.001	0.997	0.001
0.271	0.078	0.650	0.001
0.001	0.997	0.001	0.001
0.829	0.106	0.001	0.064
0.098	0.849	0.052	0.001
0.709	0.001	0.195	0.095
>AAATAAAAAW	6-AAATAAAAAW	10.753692	-4246.329808	0	T:12837.0(50.51%),B:24169.3(21.01%),P:1e-1844	Tpos:1035.9,Tstd:587.2,Bpos:988.4,Bstd:866.2,StrandBias:0.2,Multiplicity:1.56
0.997	0.001	0.001	0.001
0.997	0.001	0.001	0.001
0.860	0.001	0.001	0.138
0.293	0.001	0.001	0.705
0.997	0.001	0.001	0.001
0.997	0.001	0.001	0.001
0.997	0.001	0.001	0.001
0.759	0.001	0.001	0.239
0.671	0.001	0.001	0.327
0.466	0.001	0.001	0.532
>GGGGGGGGGG	7-GGGGGGGGGG	10.296193	-4190.344140	0	T:4500.0(17.71%),B:2188.8(1.90%),P:1e-1819	Tpos:1012.1,Tstd:563.7,Bpos:1005.4,Bstd:1015.9,StrandBias:-0.2,Multiplicity:2.01
0.100	0.100	0.700	0.100
0.100	0.100	0.700	0.100
0.100	0.100	0.700	0.100
0.100	0.100	0.700	0.100
0.100	0.100	0.700	0.100
0.100	0.100	0.700	0.100
0.100	0.100	0.700	0.100
0.100	0.100	0.700	0.100
0.100	0.100	0.700	0.100
0.100	0.100	0.700	0.100
>ACASRGVACA	8-ACASRGVACA	7.230124	-3995.120466	0	T:16917.0(66.57%),B:41323.2(35.92%),P:1e-1735	Tpos:994.6,Tstd:567.5,Bpos:1004.0,Bstd:708.0,StrandBias:0.0,Multiplicity:1.78
0.672	0.040	0.001	0.287
0.034	0.815	0.119	0.032
0.848	0.041	0.014	0.097
0.185	0.429	0.350	0.036
0.291	0.051	0.431	0.226
0.363	0.027	0.555	0.055
0.396	0.292	0.274	0.038
0.846	0.124	0.006	0.024
0.114	0.793	0.078	0.015
0.703	0.016	0.039	0.242
>GATGATGATG	9-GATGATGATG	10.039595	-3968.170877	0	T:4749.0(18.69%),B:2847.4(2.47%),P:1e-1723	Tpos:1025.9,Tstd:566.9,Bpos:1008.0,Bstd:639.7,StrandBias:0.3,Multiplicity:1.42
0.023	0.081	0.882	0.014
0.929	0.012	0.025	0.034
0.010	0.015	0.013	0.962
0.015	0.001	0.983	0.001
0.965	0.001	0.024	0.010
0.001	0.010	0.001	0.988
0.015	0.001	0.983	0.001
0.967	0.001	0.023	0.009
0.019	0.024	0.009	0.948
0.053	0.012	0.897	0.038
>AAGAAGAAGA	10-AAGAAGAAGA	11.271952	-3817.803061	0	T:4531.0(17.83%),B:2660.6(2.31%),P:1e-1658	Tpos:986.0,Tstd:549.0,Bpos:1017.2,Bstd:925.1,StrandBias:0.3,Multiplicity:1.93
0.921	0.077	0.001	0.001
0.997	0.001	0.001	0.001
0.001	0.001	0.997	0.001
0.997	0.001	0.001	0.001
0.997	0.001	0.001	0.001
0.001	0.001	0.997	0.001
0.997	0.001	0.001	0.001
0.997	0.001	0.001	0.001
0.001	0.001	0.997	0.001
0.997	0.001	0.001	0.001
>TGCTGAAGAC	11-TGCTGAAGAC	5.901218	-3469.267799	0	T:12718.0(50.05%),B:26550.4(23.08%),P:1e-1506	Tpos:991.0,Tstd:567.3,Bpos:999.7,Bstd:639.4,StrandBias:0.0,Multiplicity:1.45
0.170	0.233	0.123	0.474
0.109	0.111	0.567	0.213
0.215	0.441	0.211	0.133
0.273	0.015	0.075	0.637
0.110	0.102	0.769	0.019
0.463	0.258	0.210	0.068
0.524	0.142	0.098	0.236
0.243	0.191	0.532	0.034
0.489	0.113	0.242	0.156
0.089	0.566	0.105	0.240
>CTCTCTCTCT	12-CTCTCTCTCT	6.392721	-3453.358420	0	T:12667.0(49.84%),B:26424.4(22.97%),P:1e-1499	Tpos:954.5,Tstd:550.3,Bpos:985.1,Bstd:840.7,StrandBias:0.1,Multiplicity:2.23
0.131	0.595	0.110	0.164
0.102	0.118	0.078	0.702
0.128	0.508	0.202	0.162
0.123	0.159	0.112	0.606
0.098	0.559	0.202	0.141
0.081	0.148	0.107	0.664
0.103	0.516	0.221	0.160
0.101	0.207	0.093	0.599
0.097	0.623	0.163	0.117
0.086	0.176	0.111	0.627
>AACAACAAMA	13-AACAACAAMA	9.690713	-3303.505382	0	T:8467.0(33.32%),B:13020.6(11.32%),P:1e-1434	Tpos:1009.6,Tstd:565.7,Bpos:1002.2,Bstd:813.9,StrandBias:0.2,Multiplicity:1.49
0.960	0.001	0.001	0.038
0.841	0.001	0.157	0.001
0.001	0.864	0.046	0.089
0.997	0.001	0.001	0.001
0.884	0.001	0.114	0.001
0.001	0.908	0.090	0.001
0.997	0.001	0.001	0.001
0.599	0.001	0.399	0.001
0.399	0.540	0.060	0.001
0.997	0.001	0.001	0.001
>AAAAATATTT	14-AAAAATATTT	8.730219	-3219.411205	0	T:16744.0(65.89%),B:44074.2(38.31%),P:1e-1398	Tpos:1061.9,Tstd:591.9,Bpos:997.7,Bstd:637.4,StrandBias:0.0,Multiplicity:1.74
0.786	0.056	0.028	0.130
0.872	0.050	0.001	0.077
0.869	0.074	0.001	0.056
0.932	0.001	0.001	0.066
0.964	0.001	0.001	0.034
0.241	0.001	0.001	0.757
0.726	0.001	0.272	0.001
0.106	0.001	0.001	0.892
0.320	0.001	0.147	0.532
0.158	0.001	0.045	0.796
>AGGAGAAGAA	15-AGGAGAAGAA	7.867004	-3157.338694	0	T:13766.0(54.17%),B:31835.8(27.67%),P:1e-1371	Tpos:955.1,Tstd:551.6,Bpos:1001.7,Bstd:832.4,StrandBias:0.3,Multiplicity:1.75
0.637	0.001	0.001	0.361
0.001	0.001	0.997	0.001
0.279	0.001	0.719	0.001
0.901	0.001	0.001	0.097
0.070	0.138	0.791	0.001
0.688	0.001	0.310	0.001
0.978	0.020	0.001	0.001
0.001	0.001	0.997	0.001
0.739	0.001	0.259	0.001
0.997	0.001	0.001	0.001
>AGGAAGGCAG	16-AGGAAGGCAG	7.187635	-3086.197794	0	T:17900.0(70.44%),B:50075.6(43.52%),P:1e-1340	Tpos:1001.6,Tstd:561.6,Bpos:997.6,Bstd:778.5,StrandBias:0.0,Multiplicity:1.80
0.789	0.209	0.001	0.001
0.169	0.001	0.756	0.074
0.132	0.001	0.866	0.001
0.635	0.343	0.014	0.008
0.997	0.001	0.001	0.001
0.001	0.001	0.997	0.001
0.393	0.001	0.605	0.001
0.415	0.573	0.011	0.001
0.814	0.184	0.001	0.001
0.338	0.001	0.660	0.001
>TCTCTCTCTC	17-TCTCTCTCTC	10.296193	-2653.293565	0	T:2702.0(10.63%),B:1105.2(0.96%),P:1e-1152	Tpos:986.4,Tstd:554.8,Bpos:979.0,Bstd:935.7,StrandBias:0.1,Multiplicity:4.15
0.100	0.100	0.100	0.700
0.100	0.700	0.100	0.100
0.100	0.100	0.100	0.700
0.100	0.700	0.100	0.100
0.100	0.100	0.100	0.700
0.100	0.700	0.100	0.100
0.100	0.100	0.100	0.700
0.100	0.700	0.100	0.100
0.100	0.100	0.100	0.700
0.100	0.700	0.100	0.100
>ATATATATAT	18-ATATATATAT	10.296193	-2566.133515	0	T:2615.0(10.29%),B:1068.6(0.93%),P:1e-1114	Tpos:1038.4,Tstd:575.8,Bpos:989.9,Bstd:583.1,StrandBias:0.0,Multiplicity:1.56
0.700	0.100	0.100	0.100
0.100	0.100	0.100	0.700
0.700	0.100	0.100	0.100
0.100	0.100	0.100	0.700
0.700	0.100	0.100	0.100
0.100	0.100	0.100	0.700
0.700	0.100	0.100	0.100
0.100	0.100	0.100	0.700
0.700	0.100	0.100	0.100
0.100	0.100	0.100	0.700
>GTGGCCAAGC	19-GTGGCCAAGC	7.404994	-2316.896929	0	T:8083.0(31.81%),B:15057.7(13.09%),P:1e-1006	Tpos:925.5,Tstd:548.1,Bpos:1005.5,Bstd:631.4,StrandBias:0.1,Multiplicity:1.50
0.115	0.121	0.663	0.101
0.017	0.146	0.058	0.779
0.022	0.048	0.898	0.032
0.036	0.043	0.831	0.090
0.103	0.842	0.024	0.031
0.057	0.806	0.057	0.080
0.764	0.070	0.032	0.134
0.740	0.074	0.112	0.074
0.116	0.045	0.830	0.009
0.070	0.849	0.044	0.037
>ATTATTATTA	20-ATTATTATTA	11.911753	-1415.647965	0	T:3554.0(13.98%),B:4894.8(4.25%),P:1e-614	Tpos:1112.9,Tstd:600.7,Bpos:1011.7,Bstd:623.1,StrandBias:-0.2,Multiplicity:1.15
0.997	0.001	0.001	0.001
0.001	0.001	0.001	0.997
0.001	0.001	0.001	0.997
0.997	0.001	0.001	0.001
0.001	0.001	0.001	0.997
0.001	0.001	0.001	0.997
0.997	0.001	0.001	0.001
0.001	0.001	0.001	0.997
0.001	0.001	0.001	0.997
0.852	0.001	0.001	0.146
>CATYCATTCA	21-CATYCATTCA	11.303185	-1153.575246	0	T:1385.0(5.45%),B:760.8(0.66%),P:1e-500	Tpos:1033.9,Tstd:578.1,Bpos:997.4,Bstd:681.9,StrandBias:-0.5,Multiplicity:1.11
0.001	0.997	0.001	0.001
0.997	0.001	0.001	0.001
0.084	0.001	0.151	0.764
0.062	0.464	0.001	0.473
0.001	0.849	0.149	0.001
0.912	0.086	0.001	0.001
0.156	0.001	0.185	0.658
0.063	0.349	0.087	0.501
0.001	0.954	0.044	0.001
0.884	0.114	0.001	0.001
>ACTAAACTAA	22-ACTAAACTAA	12.519134	-987.753747	0	T:1875.0(7.38%),B:1941.3(1.69%),P:1e-428	Tpos:995.3,Tstd:549.4,Bpos:1003.1,Bstd:663.0,StrandBias:0.5,Multiplicity:1.89
0.997	0.001	0.001	0.001
0.001	0.997	0.001	0.001
0.001	0.001	0.001	0.997
0.997	0.001	0.001	0.001
0.997	0.001	0.001	0.001
0.997	0.001	0.001	0.001
0.001	0.997	0.001	0.001
0.001	0.001	0.001	0.997
0.730	0.268	0.001	0.001
0.997	0.001	0.001	0.001
>TCTATCTATC	23-TCTATCTATC	10.296193	-446.385005	0	T:807.0(3.18%),B:779.5(0.68%),P:1e-193	Tpos:909.9,Tstd:519.8,Bpos:1013.6,Bstd:617.0,StrandBias:-0.1,Multiplicity:1.43
0.100	0.100	0.100	0.700
0.100	0.700	0.100	0.100
0.100	0.100	0.100	0.700
0.700	0.100	0.100	0.100
0.100	0.100	0.100	0.700
0.100	0.700	0.100	0.100
0.100	0.100	0.100	0.700
0.700	0.100	0.100	0.100
0.100	0.100	0.100	0.700
0.100	0.700	0.100	0.100
>AGTGAGTGAG	24-AGTGAGTGAG	10.673160	-254.402483	0	T:1734.0(6.82%),B:4062.1(3.53%),P:1e-110	Tpos:879.2,Tstd:545.3,Bpos:990.4,Bstd:693.2,StrandBias:-0.5,Multiplicity:1.61
0.997	0.001	0.001	0.001
0.001	0.001	0.997	0.001
0.001	0.001	0.287	0.711
0.001	0.263	0.448	0.288
0.997	0.001	0.001	0.001
0.001	0.001	0.997	0.001
0.001	0.001	0.287	0.711
0.001	0.192	0.519	0.288
0.997	0.001	0.001	0.001
0.001	0.001	0.997	0.001
>GTAGTAGTAG	25-GTAGTAGTAG	10.296193	-101.898372	0	T:313.0(1.23%),B:483.4(0.42%),P:1e-44	Tpos:997.3,Tstd:546.9,Bpos:1000.3,Bstd:699.2,StrandBias:0.2,Multiplicity:4.03
0.100	0.100	0.700	0.100
0.100	0.100	0.100	0.700
0.700	0.100	0.100	0.100
0.100	0.100	0.700	0.100
0.100	0.100	0.100	0.700
0.700	0.100	0.100	0.100
0.100	0.100	0.700	0.100
0.100	0.100	0.100	0.700
0.700	0.100	0.100	0.100
0.100	0.100	0.700	0.100
>GAGGGAGACHAM	1-GAGGGAGACHAM	10.739588	-5740.596681	0	T:5342.0(21.02%),B:1934.8(1.68%),P:1e-2493	Tpos:987.8,Tstd:544.8,Bpos:1002.1,Bstd:713.2,StrandBias:0.2,Multiplicity:1.14
0.211	0.023	0.765	0.001
0.775	0.002	0.209	0.014
0.031	0.005	0.804	0.160
0.056	0.004	0.939	0.001
0.219	0.260	0.426	0.095
0.997	0.001	0.001	0.001
0.056	0.001	0.942	0.001
0.982	0.010	0.007	0.001
0.001	0.959	0.033	0.007
0.368	0.387	0.005	0.241
0.749	0.001	0.249	0.001
0.425	0.550	0.001	0.024
>TTTWAAAAAAAA	2-TTTWAAAAAAAA	10.090656	-5325.278732	0	T:11962.0(47.07%),B:18025.9(15.67%),P:1e-2312	Tpos:1044.9,Tstd:587.2,Bpos:996.1,Bstd:697.6,StrandBias:0.1,Multiplicity:1.51
0.256	0.038	0.075	0.631
0.309	0.001	0.043	0.647
0.322	0.001	0.016	0.661
0.472	0.001	0.026	0.501
0.584	0.001	0.019	0.396
0.916	0.001	0.001	0.082
0.997	0.001	0.001	0.001
0.952	0.008	0.001	0.039
0.906	0.031	0.001	0.062
0.798	0.041	0.001	0.160
0.729	0.063	0.005	0.203
0.678	0.045	0.064	0.213
>NWGTAGGCCTAY	3-NWGTAGGCCTAY	10.203020	-5277.490489	0	T:4785.0(18.83%),B:1582.6(1.38%),P:1e-2291	Tpos:990.8,Tstd:531.9,Bpos:1006.8,Bstd:613.3,StrandBias:-0.0,Multiplicity:1.30
0.268	0.269	0.214	0.248
0.391	0.167	0.145	0.297
0.294	0.042	0.591	0.073
0.001	0.001	0.001	0.997
0.997	0.001	0.001	0.001
0.001	0.001	0.997	0.001
0.001	0.001	0.997	0.001
0.001	0.994	0.001	0.004
0.001	0.997	0.001	0.001
0.001	0.002	0.001	0.996
0.997	0.001	0.001	0.001
0.121	0.369	0.038	0.472
>GGGGGGGGGGGG	4-GGGGGGGGGGGG	13.893202	-4649.377478	0	T:4213.0(16.58%),B:1359.4(1.18%),P:1e-2019	Tpos:1020.5,Tstd:564.4,Bpos:1003.0,Bstd:1026.6,StrandBias:-0.2,Multiplicity:1.79
0.071	0.018	0.818	0.093
0.001	0.001	0.997	0.001
0.001	0.001	0.997	0.001
0.001	0.001	0.997	0.001
0.001	0.001	0.997	0.001
0.001	0.001	0.997	0.001
0.001	0.001	0.997	0.001
0.001	0.001	0.997	0.001
0.001	0.001	0.997	0.001
0.001	0.001	0.997	0.001
0.001	0.001	0.997	0.001
0.001	0.063	0.935	0.001
>TTTTTWTTWTTT	5-TTTTTWTTWTTT	8.226212	-4635.853194	0	T:16833.0(66.24%),B:38350.8(33.33%),P:1e-2013	Tpos:1075.5,Tstd:587.5,Bpos:1004.2,Bstd:671.4,StrandBias:-0.2,Multiplicity:1.66
0.350	0.065	0.058	0.527
0.356	0.006	0.043	0.595
0.370	0.021	0.076	0.533
0.292	0.041	0.139	0.528
0.241	0.033	0.054	0.672
0.436	0.019	0.019	0.526
0.352	0.025	0.034	0.589
0.181	0.080	0.031	0.708
0.411	0.084	0.058	0.447
0.315	0.085	0.063	0.537
0.306	0.053	0.056	0.585
0.294	0.040	0.042	0.624
>TGTGTGTGTGTG	6-TGTGTGTGTGTG	4.213537	-4592.019502	0	T:15901.0(62.57%),B:34605.9(30.08%),P:1e-1994	Tpos:990.0,Tstd:558.7,Bpos:1000.0,Bstd:784.9,StrandBias:0.1,Multiplicity:2.00
0.108	0.001	0.001	0.890
0.001	0.185	0.698	0.116
0.001	0.001	0.001	0.997
0.001	0.256	0.675	0.068
0.001	0.001	0.001	0.997
0.001	0.050	0.948	0.001
0.001	0.001	0.001	0.997
0.001	0.227	0.771	0.001
0.001	0.001	0.001	0.997
0.001	0.131	0.867	0.001
0.001	0.001	0.001	0.997
0.107	0.225	0.667	0.001
>TTCTTCTTCTTC	7-TTCTTCTTCTTC	6.302194	-4318.797882	0	T:14420.0(56.74%),B:29749.0(25.86%),P:1e-1875	Tpos:974.4,Tstd:548.1,Bpos:998.2,Bstd:973.8,StrandBias:-0.3,Multiplicity:2.05
0.025	0.028	0.022	0.925
0.013	0.030	0.007	0.950
0.001	0.949	0.012	0.038
0.009	0.018	0.007	0.966
0.007	0.021	0.005	0.967
0.001	0.947	0.014	0.038
0.011	0.020	0.006	0.963
0.005	0.023	0.007	0.965
0.001	0.939	0.024	0.036
0.013	0.022	0.007	0.958
0.007	0.031	0.021	0.941
0.001	0.910	0.011	0.078
>GATGATGATGAT	8-GATGATGATGAT	11.878041	-4280.011111	0	T:3450.0(13.58%),B:741.5(0.64%),P:1e-1858	Tpos:1025.3,Tstd:556.2,Bpos:961.2,Bstd:642.8,StrandBias:0.1,Multiplicity:1.45
0.023	0.087	0.865	0.025
0.954	0.008	0.027	0.011
0.006	0.019	0.013	0.962
0.017	0.001	0.977	0.005
0.964	0.004	0.024	0.008
0.004	0.013	0.013	0.970
0.017	0.001	0.976	0.006
0.961	0.005	0.022	0.012
0.006	0.016	0.009	0.969
0.023	0.004	0.957	0.016
0.939	0.008	0.031	0.022
0.047	0.044	0.031	0.878
>ACAACAACAACA	9-ACAACAACAACA	8.386083	-4117.591843	0	T:15255.0(60.03%),B:33798.9(29.38%),P:1e-1788	Tpos:1021.6,Tstd:571.5,Bpos:996.1,Bstd:807.1,StrandBias:0.1,Multiplicity:1.76
0.601	0.051	0.154	0.194
0.303	0.541	0.022	0.134
0.823	0.019	0.152	0.006
0.568	0.016	0.199	0.217
0.050	0.801	0.007	0.142
0.962	0.008	0.014	0.016
0.829	0.001	0.094	0.076
0.184	0.766	0.029	0.021
0.957	0.002	0.038	0.003
0.698	0.032	0.246	0.024
0.263	0.657	0.001	0.079
0.894	0.072	0.011	0.023
>TGCWGAAACATG	10-TGCWGAAACATG	8.672093	-3578.155533	0	T:8713.0(34.29%),B:12963.3(11.27%),P:1e-1553	Tpos:994.1,Tstd:558.2,Bpos:1000.3,Bstd:660.2,StrandBias:0.1,Multiplicity:1.38
0.123	0.001	0.005	0.871
0.131	0.125	0.564	0.180
0.023	0.589	0.387	0.001
0.503	0.001	0.103	0.393
0.057	0.001	0.941	0.001
0.801	0.012	0.028	0.159
0.729	0.095	0.120	0.056
0.741	0.029	0.229	0.001
0.101	0.677	0.110	0.112
0.758	0.192	0.030	0.020
0.168	0.056	0.093	0.683
0.014	0.004	0.861	0.121
>TCTCTCTCTCTC	11-TCTCTCTCTCTC	15.973002	-3325.497031	0	T:2265.0(8.91%),B:191.1(0.17%),P:1e-1444	Tpos:997.9,Tstd:557.3,Bpos:963.9,Bstd:1011.8,StrandBias:0.1,Multiplicity:3.11
0.017	0.038	0.011	0.934
0.011	0.939	0.014	0.036
0.010	0.026	0.007	0.957
0.008	0.942	0.015	0.035
0.010	0.024	0.007	0.959
0.001	0.952	0.012	0.035
0.010	0.026	0.006	0.958
0.008	0.946	0.012	0.034
0.010	0.032	0.006	0.952
0.010	0.944	0.012	0.034
0.015	0.032	0.007	0.946
0.017	0.927	0.018	0.038
>ATATATATATAT	12-ATATATATATAT	14.614308	-3075.243822	0	T:1964.0(7.73%),B:89.5(0.08%),P:1e-1335	Tpos:1038.9,Tstd:575.1,Bpos:973.9,Bstd:554.0,StrandBias:0.0,Multiplicity:1.54
0.707	0.291	0.001	0.001
0.001	0.001	0.001	0.997
0.715	0.283	0.001	0.001
0.001	0.001	0.001	0.997
0.717	0.281	0.001	0.001
0.001	0.001	0.001	0.997
0.721	0.277	0.001	0.001
0.001	0.001	0.001	0.997
0.722	0.276	0.001	0.001
0.001	0.001	0.001	0.997
0.715	0.283	0.001	0.001
0.001	0.001	0.001	0.997
>GAGCACTTATGG	13-GAGCACTTATGG	9.559735	-3000.558951	0	T:2937.0(11.56%),B:1103.4(0.96%),P:1e-1303	Tpos:1043.8,Tstd:565.1,Bpos:1005.4,Bstd:611.0,StrandBias:0.5,Multiplicity:1.14
0.007	0.003	0.986	0.004
0.994	0.002	0.003	0.001
0.019	0.001	0.972	0.008
0.001	0.991	0.001	0.007
0.994	0.004	0.001	0.001
0.367	0.611	0.009	0.013
0.020	0.097	0.004	0.879
0.009	0.002	0.001	0.988
0.983	0.001	0.005	0.011
0.003	0.001	0.001	0.995
0.020	0.001	0.973	0.006
0.014	0.001	0.984	0.001
>TBCAGTGSCACW	14-TBCAGTGSCACW	8.513898	-2997.972774	0	T:5755.0(22.65%),B:6532.4(5.68%),P:1e-1301	Tpos:966.7,Tstd:556.4,Bpos:995.9,Bstd:642.7,StrandBias:-0.0,Multiplicity:1.26
0.183	0.159	0.064	0.594
0.055	0.373	0.276	0.296
0.012	0.898	0.008	0.082
0.582	0.129	0.049	0.240
0.005	0.117	0.763	0.115
0.309	0.011	0.065	0.615
0.002	0.081	0.904	0.013
0.063	0.436	0.428	0.074
0.005	0.704	0.003	0.288
0.891	0.011	0.023	0.075
0.111	0.555	0.313	0.021
0.384	0.033	0.051	0.532
>CCGCCAATGTCT	15-CCGCCAATGTCT	10.750094	-2651.174028	0	T:2040.0(8.03%),B:338.7(0.29%),P:1e-1151	Tpos:1063.9,Tstd:563.7,Bpos:1052.1,Bstd:607.5,StrandBias:0.5,Multiplicity:1.06
0.009	0.965	0.003	0.023
0.010	0.948	0.006	0.036
0.072	0.001	0.926	0.001
0.006	0.952	0.003	0.039
0.001	0.972	0.001	0.026
0.992	0.001	0.006	0.001
0.985	0.001	0.013	0.001
0.005	0.015	0.001	0.979
0.019	0.001	0.973	0.007
0.001	0.010	0.001	0.988
0.014	0.964	0.004	0.018
0.001	0.004	0.005	0.990
>AAGAAAGAAAGA	16-AAGAAAGAAAGA	0.012359	-2605.518582	0	T:19374.0(76.24%),B:59957.3(52.11%),P:1e-1131	Tpos:997.2,Tstd:567.6,Bpos:998.8,Bstd:800.1,StrandBias:0.1,Multiplicity:2.01
0.997	0.001	0.001	0.001
0.997	0.001	0.001	0.001
0.001	0.001	0.997	0.001
0.997	0.001	0.001	0.001
0.997	0.001	0.001	0.001
0.997	0.001	0.001	0.001
0.001	0.001	0.997	0.001
0.997	0.001	0.001	0.001
0.997	0.001	0.001	0.001
0.997	0.001	0.001	0.001
0.001	0.062	0.936	0.001
0.997	0.001	0.001	0.001
>TGCCATTGYTTT	17-TGCCATTGYTTT	8.595432	-2508.546489	0	T:5060.0(19.91%),B:5935.7(5.16%),P:1e-1089	Tpos:976.0,Tstd:550.2,Bpos:1001.8,Bstd:716.7,StrandBias:-0.1,Multiplicity:1.12
0.200	0.184	0.052	0.564
0.054	0.203	0.464	0.279
0.007	0.704	0.195	0.094
0.125	0.686	0.051	0.138
0.487	0.169	0.134	0.209
0.152	0.167	0.067	0.614
0.009	0.069	0.016	0.906
0.059	0.152	0.542	0.247
0.152	0.480	0.004	0.364
0.016	0.212	0.003	0.769
0.036	0.138	0.109	0.717
0.096	0.105	0.276	0.523
>CRTGAAGGTTTG	18-CRTGAAGGTTTG	12.182007	-2416.397014	0	T:1739.0(6.84%),B:202.4(0.18%),P:1e-1049	Tpos:935.9,Tstd:534.2,Bpos:939.4,Bstd:618.1,StrandBias:-0.1,Multiplicity:1.05
0.001	0.988	0.001	0.010
0.486	0.005	0.495	0.015
0.004	0.010	0.003	0.983
0.004	0.001	0.994	0.001
0.996	0.001	0.002	0.001
0.917	0.001	0.003	0.079
0.006	0.001	0.905	0.088
0.006	0.001	0.992	0.001
0.001	0.009	0.001	0.989
0.001	0.001	0.001	0.997
0.001	0.001	0.001	0.997
0.001	0.001	0.997	0.001
>CTCTCTCTCTCT	19-CTCTCTCTCTCT	7.460786	-2369.046687	0	T:4931.0(19.40%),B:5940.2(5.16%),P:1e-1028	Tpos:932.3,Tstd:529.6,Bpos:988.6,Bstd:792.3,StrandBias:0.1,Multiplicity:3.00
0.146	0.852	0.001	0.001
0.001	0.001	0.001	0.997
0.124	0.874	0.001	0.001
0.001	0.001	0.001	0.997
0.213	0.785	0.001	0.001
0.001	0.001	0.001	0.997
0.192	0.806	0.001	0.001
0.001	0.001	0.001	0.997
0.185	0.813	0.001	0.001
0.001	0.001	0.001	0.997
0.132	0.866	0.001	0.001
0.001	0.001	0.001	0.997
>CAACATCACAGC	20-CAACATCACAGC	10.459984	-2059.171764	0	T:2009.0(7.91%),B:725.5(0.63%),P:1e-894	Tpos:993.3,Tstd:571.5,Bpos:1024.2,Bstd:668.4,StrandBias:-0.4,Multiplicity:1.14
0.007	0.991	0.001	0.001
0.994	0.003	0.001	0.002
0.585	0.001	0.406	0.008
0.001	0.988	0.001	0.010
0.953	0.001	0.006	0.040
0.017	0.008	0.003	0.972
0.006	0.975	0.005	0.014
0.988	0.007	0.004	0.001
0.001	0.967	0.027	0.005
0.915	0.001	0.003	0.081
0.026	0.001	0.972	0.001
0.013	0.968	0.006	0.013
>ACTAAACTAAAT	21-ACTAAACTAAAT	13.794798	-1598.249322	0	T:1412.0(5.56%),B:379.5(0.33%),P:1e-694	Tpos:981.9,Tstd:543.2,Bpos:1010.2,Bstd:668.8,StrandBias:0.6,Multiplicity:1.12
0.773	0.225	0.001	0.001
0.001	0.997	0.001	0.001
0.001	0.001	0.001	0.997
0.997	0.001	0.001	0.001
0.997	0.001	0.001	0.001
0.997	0.001	0.001	0.001
0.001	0.997	0.001	0.001
0.001	0.001	0.001	0.997
0.761	0.226	0.001	0.012
0.997	0.001	0.001	0.001
0.579	0.001	0.419	0.001
0.001	0.181	0.001	0.817
>TAGTTAGTTAGT	22-TAGTTAGTTAGT	12.469115	-697.146368	0	T:520.0(2.05%),B:69.6(0.06%),P:1e-302	Tpos:750.9,Tstd:504.6,Bpos:875.8,Bstd:526.6,StrandBias:-0.4,Multiplicity:1.24
0.165	0.087	0.039	0.709
0.649	0.001	0.302	0.048
0.059	0.001	0.939	0.001
0.053	0.056	0.196	0.695
0.049	0.306	0.045	0.600
0.533	0.001	0.325	0.141
0.027	0.007	0.879	0.087
0.001	0.057	0.003	0.939
0.031	0.195	0.032	0.742
0.514	0.041	0.225	0.220
0.053	0.013	0.651	0.283
0.001	0.205	0.006	0.788
>GGAAGGAAGGAA	23-GGAAGGAAGGAA	10.730392	-443.334022	0	T:694.0(2.73%),B:563.8(0.49%),P:1e-192	Tpos:1085.2,Tstd:549.1,Bpos:933.6,Bstd:799.8,StrandBias:-0.8,Multiplicity:1.33
0.001	0.001	0.997	0.001
0.001	0.001	0.997	0.001
0.719	0.148	0.001	0.132
0.994	0.001	0.001	0.004
0.001	0.001	0.997	0.001
0.001	0.001	0.997	0.001
0.843	0.152	0.001	0.004
0.997	0.001	0.001	0.001
0.001	0.004	0.994	0.001
0.001	0.001	0.997	0.001
0.854	0.144	0.001	0.001
0.867	0.131	0.001	0.001
>GTTGGTTGGTTG	24-GTTGGTTGGTTG	14.675204	-413.651546	0	T:449.0(1.77%),B:199.5(0.17%),P:1e-179	Tpos:851.3,Tstd:533.1,Bpos:874.3,Bstd:953.4,StrandBias:-0.2,Multiplicity:1.58
0.040	0.004	0.946	0.010
0.039	0.047	0.012	0.902
0.001	0.001	0.001	0.997
0.018	0.003	0.970	0.009
0.033	0.006	0.960	0.001
0.001	0.032	0.001	0.966
0.025	0.001	0.001	0.973
0.013	0.001	0.969	0.017
0.029	0.001	0.969	0.001
0.001	0.024	0.001	0.974
0.001	0.018	0.001	0.980
0.211	0.005	0.772	0.012
>CTACTACTACTA	25-CTACTACTACTA	14.664259	-248.414409	0	T:198.0(0.78%),B:36.8(0.03%),P:1e-107	Tpos:997.9,Tstd:544.7,Bpos:990.9,Bstd:551.9,StrandBias:-0.3,Multiplicity:4.37
0.001	0.997	0.001	0.001
0.001	0.269	0.001	0.729
0.753	0.001	0.245	0.001
0.001	0.997	0.001	0.001
0.001	0.376	0.001	0.622
0.997	0.001	0.001	0.001
0.001	0.997	0.001	0.001
0.001	0.235	0.001	0.763
0.797	0.001	0.201	0.001
0.001	0.997	0.001	0.001
0.001	0.315	0.001	0.683
0.997	0.001	0.001	0.001
>TAGGCCTA	1-TAGGCCTA	8.236954	-4838.587951	0	T:5232.0(20.59%),B:2642.2(2.30%),P:1e-2101	Tpos:990.9,Tstd:533.3,Bpos:1027.1,Bstd:623.0,StrandBias:0.0,Multiplicity:1.35
0.100	0.100	0.100	0.700
0.700	0.100	0.100	0.100
0.100	0.100	0.700	0.100
0.100	0.100	0.700	0.100
0.100	0.700	0.100	0.100
0.100	0.700	0.100	0.100
0.100	0.100	0.100	0.700
0.700	0.100	0.100	0.100
>TGCCACTG	2-TGCCACTG	7.270693	-3839.296028	0	T:16269.0(64.02%),B:39167.1(34.04%),P:1e-1667	Tpos:969.6,Tstd:567.7,Bpos:1001.7,Bstd:639.1,StrandBias:0.1,Multiplicity:1.75
0.041	0.208	0.051	0.700
0.001	0.001	0.997	0.001
0.001	0.881	0.054	0.064
0.001	0.919	0.001	0.079
0.997	0.001	0.001	0.001
0.001	0.777	0.107	0.115
0.054	0.001	0.001	0.944
0.001	0.001	0.928	0.070
>TTTTTAAA	3-TTTTTAAA	10.592898	-3699.286020	0	T:12204.0(48.02%),B:23833.8(20.72%),P:1e-1606	Tpos:1045.3,Tstd:587.8,Bpos:1004.6,Bstd:634.6,StrandBias:-0.0,Multiplicity:1.54
0.001	0.001	0.001	0.997
0.001	0.001	0.001	0.997
0.001	0.001	0.001	0.997
0.001	0.001	0.001	0.997
0.377	0.001	0.001	0.621
0.997	0.001	0.001	0.001
0.997	0.001	0.001	0.001
0.997	0.001	0.001	0.001
>TGATGATG	4-TGATGATG	8.236954	-3449.457972	0	T:6860.0(26.99%),B:8257.0(7.18%),P:1e-1498	Tpos:1018.6,Tstd:568.6,Bpos:1000.1,Bstd:649.0,StrandBias:0.2,Multiplicity:1.42
0.100	0.100	0.100	0.700
0.100	0.100	0.700	0.100
0.700	0.100	0.100	0.100
0.100	0.100	0.100	0.700
0.100	0.100	0.700	0.100
0.700	0.100	0.100	0.100
0.100	0.100	0.100	0.700
0.100	0.100	0.700	0.100
>AAAAAAAA	5-AAAAAAAA	8.236954	-3204.687285	0	T:13181.0(51.87%),B:29360.5(25.52%),P:1e-1391	Tpos:1009.8,Tstd:580.5,Bpos:990.1,Bstd:919.1,StrandBias:0.2,Multiplicity:1.51
0.700	0.100	0.100	0.100
0.700	0.100	0.100	0.100
0.700	0.100	0.100	0.100
0.700	0.100	0.100	0.100
0.700	0.100	0.100	0.100
0.700	0.100	0.100	0.100
0.700	0.100	0.100	0.100
0.700	0.100	0.100	0.100
>TGTGTCCA	6-TGTGTCCA	7.496612	-3090.146235	0	T:17159.0(67.52%),B:46594.2(40.50%),P:1e-1342	Tpos:989.1,Tstd:562.7,Bpos:998.0,Bstd:653.1,StrandBias:-0.0,Multiplicity:1.94
0.061	0.001	0.001	0.937
0.001	0.070	0.928	0.001
0.001	0.001	0.001	0.997
0.001	0.086	0.912	0.001
0.001	0.069	0.090	0.840
0.141	0.683	0.067	0.109
0.001	0.997	0.001	0.001
0.806	0.066	0.001	0.127
>ACAGACAA	7-ACAGACAA	7.525502	-3050.645899	0	T:16149.0(63.55%),B:42254.2(36.73%),P:1e-1324	Tpos:1007.8,Tstd:571.4,Bpos:1001.0,Bstd:729.2,StrandBias:0.0,Multiplicity:1.63
0.707	0.001	0.063	0.229
0.001	0.872	0.126	0.001
0.810	0.085	0.001	0.104
0.224	0.127	0.648	0.001
0.900	0.001	0.098	0.001
0.001	0.958	0.040	0.001
0.757	0.082	0.001	0.160
0.514	0.001	0.351	0.134
>CACACACA	8-CACACACA	8.236954	-3020.785762	0	T:6445.0(25.36%),B:8196.5(7.12%),P:1e-1311	Tpos:995.2,Tstd:567.0,Bpos:1002.9,Bstd:842.7,StrandBias:0.1,Multiplicity:1.68
0.100	0.700	0.100	0.100
0.700	0.100	0.100	0.100
0.100	0.700	0.100	0.100
0.700	0.100	0.100	0.100
0.100	0.700	0.100	0.100
0.700	0.100	0.100	0.100
0.100	0.700	0.100	0.100
0.700	0.100	0.100	0.100
>TGTCCAGG	9-TGTCCAGG	7.454540	-2878.759170	0	T:13764.0(54.16%),B:33084.9(28.76%),P:1e-1250	Tpos:955.0,Tstd:558.7,Bpos:999.9,Bstd:637.9,StrandBias:0.1,Multiplicity:1.62
0.001	0.016	0.001	0.982
0.001	0.110	0.823	0.066
0.001	0.135	0.031	0.833
0.001	0.997	0.001	0.001
0.001	0.997	0.001	0.001
0.887	0.001	0.001	0.111
0.190	0.071	0.641	0.098
0.001	0.093	0.864	0.042
>TGTCTGCC	10-TGTCTGCC	6.927432	-2852.369522	0	T:16342.0(64.31%),B:44103.4(38.33%),P:1e-1238	Tpos:971.0,Tstd:564.1,Bpos:1000.4,Bstd:654.2,StrandBias:-0.1,Multiplicity:1.82
0.038	0.001	0.188	0.773
0.001	0.001	0.997	0.001
0.055	0.061	0.032	0.852
0.001	0.997	0.001	0.001
0.001	0.001	0.001	0.997
0.065	0.122	0.573	0.240
0.001	0.997	0.001	0.001
0.068	0.849	0.001	0.082
>TTTGTTTT	11-TTTGTTTT	4.161567	-2761.769417	0	T:19218.0(75.62%),B:58284.4(50.66%),P:1e-1199	Tpos:1034.1,Tstd:587.3,Bpos:995.1,Bstd:745.0,StrandBias:-0.0,Multiplicity:1.93
0.001	0.001	0.001	0.997
0.001	0.001	0.001	0.997
0.001	0.001	0.001	0.997
0.001	0.001	0.997	0.001
0.001	0.001	0.001	0.997
0.001	0.001	0.001	0.997
0.001	0.001	0.001	0.997
0.001	0.312	0.001	0.686
>CASAGACA	12-CASAGACA	6.889960	-2761.690299	0	T:19030.0(74.88%),B:57332.0(49.83%),P:1e-1199	Tpos:982.4,Tstd:564.6,Bpos:994.7,Bstd:683.0,StrandBias:0.1,Multiplicity:1.95
0.143	0.769	0.087	0.001
0.971	0.001	0.001	0.027
0.051	0.466	0.481	0.001
0.568	0.001	0.121	0.310
0.087	0.086	0.826	0.001
0.976	0.001	0.022	0.001
0.153	0.741	0.047	0.059
0.678	0.123	0.134	0.065
>TGTTGTTG	13-TGTTGTTG	9.236741	-2746.100522	0	T:9193.0(36.17%),B:17062.2(14.83%),P:1e-1192	Tpos:1005.2,Tstd:568.4,Bpos:1005.7,Bstd:790.7,StrandBias:-0.3,Multiplicity:1.55
0.001	0.001	0.001	0.997
0.001	0.001	0.997	0.001
0.001	0.001	0.001	0.997
0.001	0.001	0.001	0.997
0.001	0.001	0.997	0.001
0.001	0.160	0.001	0.838
0.001	0.001	0.001	0.997
0.001	0.001	0.997	0.001
>TKTCTGTC	14-TKTCTGTC	8.384621	-2708.583018	0	T:16815.0(66.17%),B:46992.7(40.84%),P:1e-1176	Tpos:973.1,Tstd:562.1,Bpos:1007.8,Bstd:752.3,StrandBias:-0.1,Multiplicity:2.67
0.001	0.001	0.001	0.997
0.001	0.257	0.445	0.297
0.001	0.001	0.001	0.997
0.001	0.769	0.229	0.001
0.001	0.001	0.001	0.997
0.001	0.240	0.462	0.297
0.001	0.001	0.001	0.997
0.001	0.997	0.001	0.001
>TCTTCTTC	15-TCTTCTTC	8.236954	-2680.618337	0	T:7599.0(29.90%),B:12331.0(10.72%),P:1e-1164	Tpos:984.2,Tstd:550.6,Bpos:1004.3,Bstd:847.6,StrandBias:-0.4,Multiplicity:1.94
0.100	0.100	0.100	0.700
0.100	0.700	0.100	0.100
0.100	0.100	0.100	0.700
0.100	0.100	0.100	0.700
0.100	0.700	0.100	0.100
0.100	0.100	0.100	0.700
0.100	0.100	0.100	0.700
0.100	0.700	0.100	0.100
>CAGCAGCA	16-CAGCAGCA	7.681881	-2428.124284	0	T:10287.0(40.48%),B:22030.2(19.15%),P:1e-1054	Tpos:998.6,Tstd:568.7,Bpos:998.3,Bstd:673.4,StrandBias:0.1,Multiplicity:1.44
0.001	0.997	0.001	0.001
0.925	0.001	0.001	0.073
0.072	0.001	0.881	0.046
0.001	0.997	0.001	0.001
0.895	0.063	0.001	0.041
0.001	0.034	0.897	0.068
0.086	0.912	0.001	0.001
0.707	0.247	0.001	0.045
>TAAATAAA	17-TAAATAAA	9.751790	-2250.252540	0	T:16779.0(66.03%),B:49404.8(42.94%),P:1e-977	Tpos:1073.2,Tstd:588.9,Bpos:994.8,Bstd:680.2,StrandBias:0.1,Multiplicity:2.03
0.328	0.001	0.001	0.670
0.997	0.001	0.001	0.001
0.997	0.001	0.001	0.001
0.997	0.001	0.001	0.001
0.001	0.184	0.001	0.814
0.997	0.001	0.001	0.001
0.997	0.001	0.001	0.001
0.997	0.001	0.001	0.001
>GGGGGGGG	18-GGGGGGGG	8.236954	-2187.530860	0	T:4843.0(19.06%),B:6155.4(5.35%),P:1e-950	Tpos:996.7,Tstd:562.4,Bpos:1003.8,Bstd:995.3,StrandBias:-0.2,Multiplicity:2.38
0.100	0.100	0.700	0.100
0.100	0.100	0.700	0.100
0.100	0.100	0.700	0.100
0.100	0.100	0.700	0.100
0.100	0.100	0.700	0.100
0.100	0.100	0.700	0.100
0.100	0.100	0.700	0.100
0.100	0.100	0.700	0.100
>GCTGGCTG	19-GCTGGCTG	6.433279	-1956.850017	0	T:15350.0(60.40%),B:44726.3(38.87%),P:1e-849	Tpos:959.2,Tstd:564.2,Bpos:999.8,Bstd:662.3,StrandBias:-0.0,Multiplicity:1.91
0.144	0.001	0.803	0.052
0.103	0.841	0.001	0.055
0.029	0.001	0.001	0.969
0.001	0.001	0.901	0.097
0.172	0.001	0.814	0.013
0.001	0.885	0.037	0.077
0.102	0.001	0.001	0.896
0.034	0.001	0.964	0.001
>CAGCTGTG	20-CAGCTGTG	7.301829	-1794.826732	0	T:11262.0(44.32%),B:28755.6(24.99%),P:1e-779	Tpos:966.3,Tstd:571.0,Bpos:999.9,Bstd:653.3,StrandBias:-0.0,Multiplicity:1.45
0.159	0.740	0.100	0.001
0.959	0.001	0.001	0.039
0.049	0.001	0.819	0.131
0.001	0.958	0.040	0.001
0.067	0.001	0.001	0.931
0.001	0.044	0.784	0.171
0.037	0.001	0.034	0.928
0.001	0.060	0.938	0.001
>ATATATAT	21-ATATATAT	8.236954	-1101.764476	0	T:5284.0(20.79%),B:11105.5(9.65%),P:1e-478	Tpos:1038.8,Tstd:576.7,Bpos:1003.0,Bstd:602.2,StrandBias:0.0,Multiplicity:1.52
0.700	0.100	0.100	0.100
0.100	0.100	0.100	0.700
0.700	0.100	0.100	0.100
0.100	0.100	0.100	0.700
0.700	0.100	0.100	0.100
0.100	0.100	0.100	0.700
0.700	0.100	0.100	0.100
0.100	0.100	0.100	0.700
>GAGAGAGA	22-GAGAGAGA	8.236954	-1054.801019	0	T:4562.0(17.95%),B:9025.1(7.84%),P:1e-458	Tpos:975.3,Tstd:552.4,Bpos:985.0,Bstd:835.2,StrandBias:-0.1,Multiplicity:4.25
0.100	0.100	0.700	0.100
0.700	0.100	0.100	0.100
0.100	0.100	0.700	0.100
0.700	0.100	0.100	0.100
0.100	0.100	0.700	0.100
0.700	0.100	0.100	0.100
0.100	0.100	0.700	0.100
0.700	0.100	0.100	0.100
>AATAATAA	23-AATAATAA	8.236954	-958.974789	0	T:9151.0(36.01%),B:25881.4(22.50%),P:1e-416	Tpos:1078.1,Tstd:590.1,Bpos:1000.6,Bstd:645.8,StrandBias:0.2,Multiplicity:1.36
0.700	0.100	0.100	0.100
0.700	0.100	0.100	0.100
0.100	0.100	0.100	0.700
0.700	0.100	0.100	0.100
0.700	0.100	0.100	0.100
0.100	0.100	0.100	0.700
0.700	0.100	0.100	0.100
0.700	0.100	0.100	0.100
>GATAGATA	24-GATAGATA	8.236954	-2.412913	0	T:2565.0(10.09%),B:11290.8(9.81%),P:1e-1	Tpos:925.7,Tstd:529.3,Bpos:993.4,Bstd:621.4,StrandBias:0.1,Multiplicity:6.37
0.100	0.100	0.700	0.100
0.700	0.100	0.100	0.100
0.100	0.100	0.100	0.700
0.700	0.100	0.100	0.100
0.100	0.100	0.700	0.100
0.700	0.100	0.100	0.100
0.100	0.100	0.100	0.700
0.700	0.100	0.100	0.100
>GTAGTAGT	25-GTAGTAGT	8.236954	0.000000	0	T:1292.0(5.08%),B:7821.2(6.80%),P:1e0	Tpos:998.5,Tstd:555.8,Bpos:996.3,Bstd:629.9,StrandBias:0.1,Multiplicity:2.15
0.100	0.100	0.700	0.100
0.100	0.100	0.100	0.700
0.700	0.100	0.100	0.100
0.100	0.100	0.700	0.100
0.100	0.100	0.100	0.700
0.700	0.100	0.100	0.100
0.100	0.100	0.700	0.100
0.100	0.100	0.100	0.700
