>TTTTTTAAAA	1-TTTTTTAAAA	10.906120	-5538.243893	0	T:7159.0(28.17%),B:5216.4(4.53%),P:1e-2405	Tpos:1044.1,Tstd:586.5,Bpos:1013.3,Bstd:638.6,StrandBias:-0.1,Multiplicity:1.26
0.074	0.031	0.032	0.863
0.038	0.001	0.026	0.935
0.001	0.001	0.001	0.997
0.001	0.023	0.001	0.975
0.001	0.001	0.001	0.997
0.112	0.022	0.001	0.865
0.722	0.001	0.001	0.276
0.997	0.001	0.001	0.001
0.997	0.001	0.001	0.001
0.827	0.043	0.039	0.091
>CACACACACA	2-CACACACACA	5.552455	-5317.236545	0	T:11937.0(46.97%),B:17968.9(15.62%),P:1e-2309	Tpos:979.7,Tstd:550.6,Bpos:1003.3,Bstd:792.4,StrandBias:-0.0,Multiplicity:1.85
0.001	0.660	0.338	0.001
0.997	0.001	0.001	0.001
0.001	0.694	0.304	0.001
0.997	0.001	0.001	0.001
0.001	0.772	0.226	0.001
0.997	0.001	0.001	0.001
0.001	0.718	0.280	0.001
0.997	0.001	0.001	0.001
0.001	0.706	0.292	0.001
0.997	0.001	0.001	0.001
>TAGGCCTACA	3-TAGGCCTACA	9.063553	-5312.242569	0	T:5763.0(22.68%),B:2981.9(2.59%),P:1e-2307	Tpos:990.8,Tstd:533.2,Bpos:1020.4,Bstd:616.1,StrandBias:-0.0,Multiplicity:1.37
0.001	0.013	0.001	0.985
0.997	0.001	0.001	0.001
0.001	0.001	0.997	0.001
0.006	0.001	0.992	0.001
0.001	0.964	0.001	0.034
0.001	0.997	0.001	0.001
0.001	0.001	0.001	0.997
0.977	0.001	0.021	0.001
0.039	0.719	0.001	0.241
0.586	0.087	0.052	0.275
>TTGTTTSTYT	4-TTGTTTSTYT	7.502662	-4940.570745	0	T:21263.0(83.67%),B:58865.9(51.16%),P:1e-2145	Tpos:1012.2,Tstd:574.8,Bpos:998.0,Bstd:785.7,StrandBias:-0.0,Multiplicity:2.22
0.172	0.170	0.061	0.597
0.071	0.029	0.010	0.890
0.001	0.075	0.850	0.074
0.025	0.059	0.001	0.915
0.036	0.104	0.228	0.632
0.025	0.048	0.034	0.893
0.001	0.392	0.402	0.206
0.041	0.001	0.058	0.900
0.012	0.351	0.211	0.426
0.031	0.375	0.035	0.559
>CAGTGGCACA	5-CAGTGGCACA	8.139351	-4556.427867	0	T:10168.0(40.01%),B:14596.2(12.69%),P:1e-1978	Tpos:952.5,Tstd:559.6,Bpos:997.8,Bstd:652.7,StrandBias:0.0,Multiplicity:1.30
0.158	0.840	0.001	0.001
0.800	0.001	0.001	0.198
0.179	0.147	0.662	0.012
0.110	0.159	0.001	0.730
0.001	0.001	0.997	0.001
0.271	0.078	0.650	0.001
0.001	0.997	0.001	0.001
0.829	0.106	0.001	0.064
0.098	0.849	0.052	0.001
0.709	0.001	0.195	0.095
>AAATAAAAAW	6-AAATAAAAAW	10.753692	-4246.329808	0	T:12837.0(50.51%),B:24169.3(21.01%),P:1e-1844	Tpos:1035.9,Tstd:587.2,Bpos:988.4,Bstd:866.2,StrandBias:0.2,Multiplicity:1.56
0.997	0.001	0.001	0.001
0.997	0.001	0.001	0.001
0.860	0.001	0.001	0.138
0.293	0.001	0.001	0.705
0.997	0.001	0.001	0.001
0.997	0.001	0.001	0.001
0.997	0.001	0.001	0.001
0.759	0.001	0.001	0.239
0.671	0.001	0.001	0.327
0.466	0.001	0.001	0.532
>GGGGGGGGGG	7-GGGGGGGGGG	10.296193	-4190.344140	0	T:4500.0(17.71%),B:2188.8(1.90%),P:1e-1819	Tpos:1012.1,Tstd:563.7,Bpos:1005.4,Bstd:1015.9,StrandBias:-0.2,Multiplicity:2.01
0.100	0.100	0.700	0.100
0.100	0.100	0.700	0.100
0.100	0.100	0.700	0.100
0.100	0.100	0.700	0.100
0.100	0.100	0.700	0.100
0.100	0.100	0.700	0.100
0.100	0.100	0.700	0.100
0.100	0.100	0.700	0.100
0.100	0.100	0.700	0.100
0.100	0.100	0.700	0.100
>ACASRGVACA	8-ACASRGVACA	7.230124	-3995.120466	0	T:16917.0(66.57%),B:41323.2(35.92%),P:1e-1735	Tpos:994.6,Tstd:567.5,Bpos:1004.0,Bstd:708.0,StrandBias:0.0,Multiplicity:1.78
0.672	0.040	0.001	0.287
0.034	0.815	0.119	0.032
0.848	0.041	0.014	0.097
0.185	0.429	0.350	0.036
0.291	0.051	0.431	0.226
0.363	0.027	0.555	0.055
0.396	0.292	0.274	0.038
0.846	0.124	0.006	0.024
0.114	0.793	0.078	0.015
0.703	0.016	0.039	0.242
>GATGATGATG	9-GATGATGATG	10.039595	-3968.170877	0	T:4749.0(18.69%),B:2847.4(2.47%),P:1e-1723	Tpos:1025.9,Tstd:566.9,Bpos:1008.0,Bstd:639.7,StrandBias:0.3,Multiplicity:1.42
0.023	0.081	0.882	0.014
0.929	0.012	0.025	0.034
0.010	0.015	0.013	0.962
0.015	0.001	0.983	0.001
0.965	0.001	0.024	0.010
0.001	0.010	0.001	0.988
0.015	0.001	0.983	0.001
0.967	0.001	0.023	0.009
0.019	0.024	0.009	0.948
0.053	0.012	0.897	0.038
>AAGAAGAAGA	10-AAGAAGAAGA	11.271952	-3817.803061	0	T:4531.0(17.83%),B:2660.6(2.31%),P:1e-1658	Tpos:986.0,Tstd:549.0,Bpos:1017.2,Bstd:925.1,StrandBias:0.3,Multiplicity:1.93
0.921	0.077	0.001	0.001
0.997	0.001	0.001	0.001
0.001	0.001	0.997	0.001
0.997	0.001	0.001	0.001
0.997	0.001	0.001	0.001
0.001	0.001	0.997	0.001
0.997	0.001	0.001	0.001
0.997	0.001	0.001	0.001
0.001	0.001	0.997	0.001
0.997	0.001	0.001	0.001
>TGCTGAAGAC	11-TGCTGAAGAC	5.901218	-3469.267799	0	T:12718.0(50.05%),B:26550.4(23.08%),P:1e-1506	Tpos:991.0,Tstd:567.3,Bpos:999.7,Bstd:639.4,StrandBias:0.0,Multiplicity:1.45
0.170	0.233	0.123	0.474
0.109	0.111	0.567	0.213
0.215	0.441	0.211	0.133
0.273	0.015	0.075	0.637
0.110	0.102	0.769	0.019
0.463	0.258	0.210	0.068
0.524	0.142	0.098	0.236
0.243	0.191	0.532	0.034
0.489	0.113	0.242	0.156
0.089	0.566	0.105	0.240
>CTCTCTCTCT	12-CTCTCTCTCT	6.392721	-3453.358420	0	T:12667.0(49.84%),B:26424.4(22.97%),P:1e-1499	Tpos:954.5,Tstd:550.3,Bpos:985.1,Bstd:840.7,StrandBias:0.1,Multiplicity:2.23
0.131	0.595	0.110	0.164
0.102	0.118	0.078	0.702
0.128	0.508	0.202	0.162
0.123	0.159	0.112	0.606
0.098	0.559	0.202	0.141
0.081	0.148	0.107	0.664
0.103	0.516	0.221	0.160
0.101	0.207	0.093	0.599
0.097	0.623	0.163	0.117
0.086	0.176	0.111	0.627
>AACAACAAMA	13-AACAACAAMA	9.690713	-3303.505382	0	T:8467.0(33.32%),B:13020.6(11.32%),P:1e-1434	Tpos:1009.6,Tstd:565.7,Bpos:1002.2,Bstd:813.9,StrandBias:0.2,Multiplicity:1.49
0.960	0.001	0.001	0.038
0.841	0.001	0.157	0.001
0.001	0.864	0.046	0.089
0.997	0.001	0.001	0.001
0.884	0.001	0.114	0.001
0.001	0.908	0.090	0.001
0.997	0.001	0.001	0.001
0.599	0.001	0.399	0.001
0.399	0.540	0.060	0.001
0.997	0.001	0.001	0.001
>AAAAATATTT	14-AAAAATATTT	8.730219	-3219.411205	0	T:16744.0(65.89%),B:44074.2(38.31%),P:1e-1398	Tpos:1061.9,Tstd:591.9,Bpos:997.7,Bstd:637.4,StrandBias:0.0,Multiplicity:1.74
0.786	0.056	0.028	0.130
0.872	0.050	0.001	0.077
0.869	0.074	0.001	0.056
0.932	0.001	0.001	0.066
0.964	0.001	0.001	0.034
0.241	0.001	0.001	0.757
0.726	0.001	0.272	0.001
0.106	0.001	0.001	0.892
0.320	0.001	0.147	0.532
0.158	0.001	0.045	0.796
>AGGAGAAGAA	15-AGGAGAAGAA	7.867004	-3157.338694	0	T:13766.0(54.17%),B:31835.8(27.67%),P:1e-1371	Tpos:955.1,Tstd:551.6,Bpos:1001.7,Bstd:832.4,StrandBias:0.3,Multiplicity:1.75
0.637	0.001	0.001	0.361
0.001	0.001	0.997	0.001
0.279	0.001	0.719	0.001
0.901	0.001	0.001	0.097
0.070	0.138	0.791	0.001
0.688	0.001	0.310	0.001
0.978	0.020	0.001	0.001
0.001	0.001	0.997	0.001
0.739	0.001	0.259	0.001
0.997	0.001	0.001	0.001
>AGGAAGGCAG	16-AGGAAGGCAG	7.187635	-3086.197794	0	T:17900.0(70.44%),B:50075.6(43.52%),P:1e-1340	Tpos:1001.6,Tstd:561.6,Bpos:997.6,Bstd:778.5,StrandBias:0.0,Multiplicity:1.80
0.789	0.209	0.001	0.001
0.169	0.001	0.756	0.074
0.132	0.001	0.866	0.001
0.635	0.343	0.014	0.008
0.997	0.001	0.001	0.001
0.001	0.001	0.997	0.001
0.393	0.001	0.605	0.001
0.415	0.573	0.011	0.001
0.814	0.184	0.001	0.001
0.338	0.001	0.660	0.001
>TCTCTCTCTC	17-TCTCTCTCTC	10.296193	-2653.293565	0	T:2702.0(10.63%),B:1105.2(0.96%),P:1e-1152	Tpos:986.4,Tstd:554.8,Bpos:979.0,Bstd:935.7,StrandBias:0.1,Multiplicity:4.15
0.100	0.100	0.100	0.700
0.100	0.700	0.100	0.100
0.100	0.100	0.100	0.700
0.100	0.700	0.100	0.100
0.100	0.100	0.100	0.700
0.100	0.700	0.100	0.100
0.100	0.100	0.100	0.700
0.100	0.700	0.100	0.100
0.100	0.100	0.100	0.700
0.100	0.700	0.100	0.100
>ATATATATAT	18-ATATATATAT	10.296193	-2566.133515	0	T:2615.0(10.29%),B:1068.6(0.93%),P:1e-1114	Tpos:1038.4,Tstd:575.8,Bpos:989.9,Bstd:583.1,StrandBias:0.0,Multiplicity:1.56
0.700	0.100	0.100	0.100
0.100	0.100	0.100	0.700
0.700	0.100	0.100	0.100
0.100	0.100	0.100	0.700
0.700	0.100	0.100	0.100
0.100	0.100	0.100	0.700
0.700	0.100	0.100	0.100
0.100	0.100	0.100	0.700
0.700	0.100	0.100	0.100
0.100	0.100	0.100	0.700
>GTGGCCAAGC	19-GTGGCCAAGC	7.404994	-2316.896929	0	T:8083.0(31.81%),B:15057.7(13.09%),P:1e-1006	Tpos:925.5,Tstd:548.1,Bpos:1005.5,Bstd:631.4,StrandBias:0.1,Multiplicity:1.50
0.115	0.121	0.663	0.101
0.017	0.146	0.058	0.779
0.022	0.048	0.898	0.032
0.036	0.043	0.831	0.090
0.103	0.842	0.024	0.031
0.057	0.806	0.057	0.080
0.764	0.070	0.032	0.134
0.740	0.074	0.112	0.074
0.116	0.045	0.830	0.009
0.070	0.849	0.044	0.037
>ATTATTATTA	20-ATTATTATTA	11.911753	-1415.647965	0	T:3554.0(13.98%),B:4894.8(4.25%),P:1e-614	Tpos:1112.9,Tstd:600.7,Bpos:1011.7,Bstd:623.1,StrandBias:-0.2,Multiplicity:1.15
0.997	0.001	0.001	0.001
0.001	0.001	0.001	0.997
0.001	0.001	0.001	0.997
0.997	0.001	0.001	0.001
0.001	0.001	0.001	0.997
0.001	0.001	0.001	0.997
0.997	0.001	0.001	0.001
0.001	0.001	0.001	0.997
0.001	0.001	0.001	0.997
0.852	0.001	0.001	0.146
>CATYCATTCA	21-CATYCATTCA	11.303185	-1153.575246	0	T:1385.0(5.45%),B:760.8(0.66%),P:1e-500	Tpos:1033.9,Tstd:578.1,Bpos:997.4,Bstd:681.9,StrandBias:-0.5,Multiplicity:1.11
0.001	0.997	0.001	0.001
0.997	0.001	0.001	0.001
0.084	0.001	0.151	0.764
0.062	0.464	0.001	0.473
0.001	0.849	0.149	0.001
0.912	0.086	0.001	0.001
0.156	0.001	0.185	0.658
0.063	0.349	0.087	0.501
0.001	0.954	0.044	0.001
0.884	0.114	0.001	0.001
>ACTAAACTAA	22-ACTAAACTAA	12.519134	-987.753747	0	T:1875.0(7.38%),B:1941.3(1.69%),P:1e-428	Tpos:995.3,Tstd:549.4,Bpos:1003.1,Bstd:663.0,StrandBias:0.5,Multiplicity:1.89
0.997	0.001	0.001	0.001
0.001	0.997	0.001	0.001
0.001	0.001	0.001	0.997
0.997	0.001	0.001	0.001
0.997	0.001	0.001	0.001
0.997	0.001	0.001	0.001
0.001	0.997	0.001	0.001
0.001	0.001	0.001	0.997
0.730	0.268	0.001	0.001
0.997	0.001	0.001	0.001
>TCTATCTATC	23-TCTATCTATC	10.296193	-446.385005	0	T:807.0(3.18%),B:779.5(0.68%),P:1e-193	Tpos:909.9,Tstd:519.8,Bpos:1013.6,Bstd:617.0,StrandBias:-0.1,Multiplicity:1.43
0.100	0.100	0.100	0.700
0.100	0.700	0.100	0.100
0.100	0.100	0.100	0.700
0.700	0.100	0.100	0.100
0.100	0.100	0.100	0.700
0.100	0.700	0.100	0.100
0.100	0.100	0.100	0.700
0.700	0.100	0.100	0.100
0.100	0.100	0.100	0.700
0.100	0.700	0.100	0.100
>AGTGAGTGAG	24-AGTGAGTGAG	10.673160	-254.402483	0	T:1734.0(6.82%),B:4062.1(3.53%),P:1e-110	Tpos:879.2,Tstd:545.3,Bpos:990.4,Bstd:693.2,StrandBias:-0.5,Multiplicity:1.61
0.997	0.001	0.001	0.001
0.001	0.001	0.997	0.001
0.001	0.001	0.287	0.711
0.001	0.263	0.448	0.288
0.997	0.001	0.001	0.001
0.001	0.001	0.997	0.001
0.001	0.001	0.287	0.711
0.001	0.192	0.519	0.288
0.997	0.001	0.001	0.001
0.001	0.001	0.997	0.001
>GTAGTAGTAG	25-GTAGTAGTAG	10.296193	-101.898372	0	T:313.0(1.23%),B:483.4(0.42%),P:1e-44	Tpos:997.3,Tstd:546.9,Bpos:1000.3,Bstd:699.2,StrandBias:0.2,Multiplicity:4.03
0.100	0.100	0.700	0.100
0.100	0.100	0.100	0.700
0.700	0.100	0.100	0.100
0.100	0.100	0.700	0.100
0.100	0.100	0.100	0.700
0.700	0.100	0.100	0.100
0.100	0.100	0.700	0.100
0.100	0.100	0.100	0.700
0.700	0.100	0.100	0.100
0.100	0.100	0.700	0.100
