>GAGGGAGACHAM	1-GAGGGAGACHAM	10.739588	-5740.596681	0	T:5342.0(21.02%),B:1934.8(1.68%),P:1e-2493	Tpos:987.8,Tstd:544.8,Bpos:1002.1,Bstd:713.2,StrandBias:0.2,Multiplicity:1.14
0.211	0.023	0.765	0.001
0.775	0.002	0.209	0.014
0.031	0.005	0.804	0.160
0.056	0.004	0.939	0.001
0.219	0.260	0.426	0.095
0.997	0.001	0.001	0.001
0.056	0.001	0.942	0.001
0.982	0.010	0.007	0.001
0.001	0.959	0.033	0.007
0.368	0.387	0.005	0.241
0.749	0.001	0.249	0.001
0.425	0.550	0.001	0.024
>TTTWAAAAAAAA	2-TTTWAAAAAAAA	10.090656	-5325.278732	0	T:11962.0(47.07%),B:18025.9(15.67%),P:1e-2312	Tpos:1044.9,Tstd:587.2,Bpos:996.1,Bstd:697.6,StrandBias:0.1,Multiplicity:1.51
0.256	0.038	0.075	0.631
0.309	0.001	0.043	0.647
0.322	0.001	0.016	0.661
0.472	0.001	0.026	0.501
0.584	0.001	0.019	0.396
0.916	0.001	0.001	0.082
0.997	0.001	0.001	0.001
0.952	0.008	0.001	0.039
0.906	0.031	0.001	0.062
0.798	0.041	0.001	0.160
0.729	0.063	0.005	0.203
0.678	0.045	0.064	0.213
>NWGTAGGCCTAY	3-NWGTAGGCCTAY	10.203020	-5277.490489	0	T:4785.0(18.83%),B:1582.6(1.38%),P:1e-2291	Tpos:990.8,Tstd:531.9,Bpos:1006.8,Bstd:613.3,StrandBias:-0.0,Multiplicity:1.30
0.268	0.269	0.214	0.248
0.391	0.167	0.145	0.297
0.294	0.042	0.591	0.073
0.001	0.001	0.001	0.997
0.997	0.001	0.001	0.001
0.001	0.001	0.997	0.001
0.001	0.001	0.997	0.001
0.001	0.994	0.001	0.004
0.001	0.997	0.001	0.001
0.001	0.002	0.001	0.996
0.997	0.001	0.001	0.001
0.121	0.369	0.038	0.472
>GGGGGGGGGGGG	4-GGGGGGGGGGGG	13.893202	-4649.377478	0	T:4213.0(16.58%),B:1359.4(1.18%),P:1e-2019	Tpos:1020.5,Tstd:564.4,Bpos:1003.0,Bstd:1026.6,StrandBias:-0.2,Multiplicity:1.79
0.071	0.018	0.818	0.093
0.001	0.001	0.997	0.001
0.001	0.001	0.997	0.001
0.001	0.001	0.997	0.001
0.001	0.001	0.997	0.001
0.001	0.001	0.997	0.001
0.001	0.001	0.997	0.001
0.001	0.001	0.997	0.001
0.001	0.001	0.997	0.001
0.001	0.001	0.997	0.001
0.001	0.001	0.997	0.001
0.001	0.063	0.935	0.001
>TTTTTWTTWTTT	5-TTTTTWTTWTTT	8.226212	-4635.853194	0	T:16833.0(66.24%),B:38350.8(33.33%),P:1e-2013	Tpos:1075.5,Tstd:587.5,Bpos:1004.2,Bstd:671.4,StrandBias:-0.2,Multiplicity:1.66
0.350	0.065	0.058	0.527
0.356	0.006	0.043	0.595
0.370	0.021	0.076	0.533
0.292	0.041	0.139	0.528
0.241	0.033	0.054	0.672
0.436	0.019	0.019	0.526
0.352	0.025	0.034	0.589
0.181	0.080	0.031	0.708
0.411	0.084	0.058	0.447
0.315	0.085	0.063	0.537
0.306	0.053	0.056	0.585
0.294	0.040	0.042	0.624
>TGTGTGTGTGTG	6-TGTGTGTGTGTG	4.213537	-4592.019502	0	T:15901.0(62.57%),B:34605.9(30.08%),P:1e-1994	Tpos:990.0,Tstd:558.7,Bpos:1000.0,Bstd:784.9,StrandBias:0.1,Multiplicity:2.00
0.108	0.001	0.001	0.890
0.001	0.185	0.698	0.116
0.001	0.001	0.001	0.997
0.001	0.256	0.675	0.068
0.001	0.001	0.001	0.997
0.001	0.050	0.948	0.001
0.001	0.001	0.001	0.997
0.001	0.227	0.771	0.001
0.001	0.001	0.001	0.997
0.001	0.131	0.867	0.001
0.001	0.001	0.001	0.997
0.107	0.225	0.667	0.001
>TTCTTCTTCTTC	7-TTCTTCTTCTTC	6.302194	-4318.797882	0	T:14420.0(56.74%),B:29749.0(25.86%),P:1e-1875	Tpos:974.4,Tstd:548.1,Bpos:998.2,Bstd:973.8,StrandBias:-0.3,Multiplicity:2.05
0.025	0.028	0.022	0.925
0.013	0.030	0.007	0.950
0.001	0.949	0.012	0.038
0.009	0.018	0.007	0.966
0.007	0.021	0.005	0.967
0.001	0.947	0.014	0.038
0.011	0.020	0.006	0.963
0.005	0.023	0.007	0.965
0.001	0.939	0.024	0.036
0.013	0.022	0.007	0.958
0.007	0.031	0.021	0.941
0.001	0.910	0.011	0.078
>GATGATGATGAT	8-GATGATGATGAT	11.878041	-4280.011111	0	T:3450.0(13.58%),B:741.5(0.64%),P:1e-1858	Tpos:1025.3,Tstd:556.2,Bpos:961.2,Bstd:642.8,StrandBias:0.1,Multiplicity:1.45
0.023	0.087	0.865	0.025
0.954	0.008	0.027	0.011
0.006	0.019	0.013	0.962
0.017	0.001	0.977	0.005
0.964	0.004	0.024	0.008
0.004	0.013	0.013	0.970
0.017	0.001	0.976	0.006
0.961	0.005	0.022	0.012
0.006	0.016	0.009	0.969
0.023	0.004	0.957	0.016
0.939	0.008	0.031	0.022
0.047	0.044	0.031	0.878
>ACAACAACAACA	9-ACAACAACAACA	8.386083	-4117.591843	0	T:15255.0(60.03%),B:33798.9(29.38%),P:1e-1788	Tpos:1021.6,Tstd:571.5,Bpos:996.1,Bstd:807.1,StrandBias:0.1,Multiplicity:1.76
0.601	0.051	0.154	0.194
0.303	0.541	0.022	0.134
0.823	0.019	0.152	0.006
0.568	0.016	0.199	0.217
0.050	0.801	0.007	0.142
0.962	0.008	0.014	0.016
0.829	0.001	0.094	0.076
0.184	0.766	0.029	0.021
0.957	0.002	0.038	0.003
0.698	0.032	0.246	0.024
0.263	0.657	0.001	0.079
0.894	0.072	0.011	0.023
>TGCWGAAACATG	10-TGCWGAAACATG	8.672093	-3578.155533	0	T:8713.0(34.29%),B:12963.3(11.27%),P:1e-1553	Tpos:994.1,Tstd:558.2,Bpos:1000.3,Bstd:660.2,StrandBias:0.1,Multiplicity:1.38
0.123	0.001	0.005	0.871
0.131	0.125	0.564	0.180
0.023	0.589	0.387	0.001
0.503	0.001	0.103	0.393
0.057	0.001	0.941	0.001
0.801	0.012	0.028	0.159
0.729	0.095	0.120	0.056
0.741	0.029	0.229	0.001
0.101	0.677	0.110	0.112
0.758	0.192	0.030	0.020
0.168	0.056	0.093	0.683
0.014	0.004	0.861	0.121
>TCTCTCTCTCTC	11-TCTCTCTCTCTC	15.973002	-3325.497031	0	T:2265.0(8.91%),B:191.1(0.17%),P:1e-1444	Tpos:997.9,Tstd:557.3,Bpos:963.9,Bstd:1011.8,StrandBias:0.1,Multiplicity:3.11
0.017	0.038	0.011	0.934
0.011	0.939	0.014	0.036
0.010	0.026	0.007	0.957
0.008	0.942	0.015	0.035
0.010	0.024	0.007	0.959
0.001	0.952	0.012	0.035
0.010	0.026	0.006	0.958
0.008	0.946	0.012	0.034
0.010	0.032	0.006	0.952
0.010	0.944	0.012	0.034
0.015	0.032	0.007	0.946
0.017	0.927	0.018	0.038
>ATATATATATAT	12-ATATATATATAT	14.614308	-3075.243822	0	T:1964.0(7.73%),B:89.5(0.08%),P:1e-1335	Tpos:1038.9,Tstd:575.1,Bpos:973.9,Bstd:554.0,StrandBias:0.0,Multiplicity:1.54
0.707	0.291	0.001	0.001
0.001	0.001	0.001	0.997
0.715	0.283	0.001	0.001
0.001	0.001	0.001	0.997
0.717	0.281	0.001	0.001
0.001	0.001	0.001	0.997
0.721	0.277	0.001	0.001
0.001	0.001	0.001	0.997
0.722	0.276	0.001	0.001
0.001	0.001	0.001	0.997
0.715	0.283	0.001	0.001
0.001	0.001	0.001	0.997
>GAGCACTTATGG	13-GAGCACTTATGG	9.559735	-3000.558951	0	T:2937.0(11.56%),B:1103.4(0.96%),P:1e-1303	Tpos:1043.8,Tstd:565.1,Bpos:1005.4,Bstd:611.0,StrandBias:0.5,Multiplicity:1.14
0.007	0.003	0.986	0.004
0.994	0.002	0.003	0.001
0.019	0.001	0.972	0.008
0.001	0.991	0.001	0.007
0.994	0.004	0.001	0.001
0.367	0.611	0.009	0.013
0.020	0.097	0.004	0.879
0.009	0.002	0.001	0.988
0.983	0.001	0.005	0.011
0.003	0.001	0.001	0.995
0.020	0.001	0.973	0.006
0.014	0.001	0.984	0.001
>TBCAGTGSCACW	14-TBCAGTGSCACW	8.513898	-2997.972774	0	T:5755.0(22.65%),B:6532.4(5.68%),P:1e-1301	Tpos:966.7,Tstd:556.4,Bpos:995.9,Bstd:642.7,StrandBias:-0.0,Multiplicity:1.26
0.183	0.159	0.064	0.594
0.055	0.373	0.276	0.296
0.012	0.898	0.008	0.082
0.582	0.129	0.049	0.240
0.005	0.117	0.763	0.115
0.309	0.011	0.065	0.615
0.002	0.081	0.904	0.013
0.063	0.436	0.428	0.074
0.005	0.704	0.003	0.288
0.891	0.011	0.023	0.075
0.111	0.555	0.313	0.021
0.384	0.033	0.051	0.532
>CCGCCAATGTCT	15-CCGCCAATGTCT	10.750094	-2651.174028	0	T:2040.0(8.03%),B:338.7(0.29%),P:1e-1151	Tpos:1063.9,Tstd:563.7,Bpos:1052.1,Bstd:607.5,StrandBias:0.5,Multiplicity:1.06
0.009	0.965	0.003	0.023
0.010	0.948	0.006	0.036
0.072	0.001	0.926	0.001
0.006	0.952	0.003	0.039
0.001	0.972	0.001	0.026
0.992	0.001	0.006	0.001
0.985	0.001	0.013	0.001
0.005	0.015	0.001	0.979
0.019	0.001	0.973	0.007
0.001	0.010	0.001	0.988
0.014	0.964	0.004	0.018
0.001	0.004	0.005	0.990
>AAGAAAGAAAGA	16-AAGAAAGAAAGA	0.012359	-2605.518582	0	T:19374.0(76.24%),B:59957.3(52.11%),P:1e-1131	Tpos:997.2,Tstd:567.6,Bpos:998.8,Bstd:800.1,StrandBias:0.1,Multiplicity:2.01
0.997	0.001	0.001	0.001
0.997	0.001	0.001	0.001
0.001	0.001	0.997	0.001
0.997	0.001	0.001	0.001
0.997	0.001	0.001	0.001
0.997	0.001	0.001	0.001
0.001	0.001	0.997	0.001
0.997	0.001	0.001	0.001
0.997	0.001	0.001	0.001
0.997	0.001	0.001	0.001
0.001	0.062	0.936	0.001
0.997	0.001	0.001	0.001
>TGCCATTGYTTT	17-TGCCATTGYTTT	8.595432	-2508.546489	0	T:5060.0(19.91%),B:5935.7(5.16%),P:1e-1089	Tpos:976.0,Tstd:550.2,Bpos:1001.8,Bstd:716.7,StrandBias:-0.1,Multiplicity:1.12
0.200	0.184	0.052	0.564
0.054	0.203	0.464	0.279
0.007	0.704	0.195	0.094
0.125	0.686	0.051	0.138
0.487	0.169	0.134	0.209
0.152	0.167	0.067	0.614
0.009	0.069	0.016	0.906
0.059	0.152	0.542	0.247
0.152	0.480	0.004	0.364
0.016	0.212	0.003	0.769
0.036	0.138	0.109	0.717
0.096	0.105	0.276	0.523
>CRTGAAGGTTTG	18-CRTGAAGGTTTG	12.182007	-2416.397014	0	T:1739.0(6.84%),B:202.4(0.18%),P:1e-1049	Tpos:935.9,Tstd:534.2,Bpos:939.4,Bstd:618.1,StrandBias:-0.1,Multiplicity:1.05
0.001	0.988	0.001	0.010
0.486	0.005	0.495	0.015
0.004	0.010	0.003	0.983
0.004	0.001	0.994	0.001
0.996	0.001	0.002	0.001
0.917	0.001	0.003	0.079
0.006	0.001	0.905	0.088
0.006	0.001	0.992	0.001
0.001	0.009	0.001	0.989
0.001	0.001	0.001	0.997
0.001	0.001	0.001	0.997
0.001	0.001	0.997	0.001
>CTCTCTCTCTCT	19-CTCTCTCTCTCT	7.460786	-2369.046687	0	T:4931.0(19.40%),B:5940.2(5.16%),P:1e-1028	Tpos:932.3,Tstd:529.6,Bpos:988.6,Bstd:792.3,StrandBias:0.1,Multiplicity:3.00
0.146	0.852	0.001	0.001
0.001	0.001	0.001	0.997
0.124	0.874	0.001	0.001
0.001	0.001	0.001	0.997
0.213	0.785	0.001	0.001
0.001	0.001	0.001	0.997
0.192	0.806	0.001	0.001
0.001	0.001	0.001	0.997
0.185	0.813	0.001	0.001
0.001	0.001	0.001	0.997
0.132	0.866	0.001	0.001
0.001	0.001	0.001	0.997
>CAACATCACAGC	20-CAACATCACAGC	10.459984	-2059.171764	0	T:2009.0(7.91%),B:725.5(0.63%),P:1e-894	Tpos:993.3,Tstd:571.5,Bpos:1024.2,Bstd:668.4,StrandBias:-0.4,Multiplicity:1.14
0.007	0.991	0.001	0.001
0.994	0.003	0.001	0.002
0.585	0.001	0.406	0.008
0.001	0.988	0.001	0.010
0.953	0.001	0.006	0.040
0.017	0.008	0.003	0.972
0.006	0.975	0.005	0.014
0.988	0.007	0.004	0.001
0.001	0.967	0.027	0.005
0.915	0.001	0.003	0.081
0.026	0.001	0.972	0.001
0.013	0.968	0.006	0.013
>ACTAAACTAAAT	21-ACTAAACTAAAT	13.794798	-1598.249322	0	T:1412.0(5.56%),B:379.5(0.33%),P:1e-694	Tpos:981.9,Tstd:543.2,Bpos:1010.2,Bstd:668.8,StrandBias:0.6,Multiplicity:1.12
0.773	0.225	0.001	0.001
0.001	0.997	0.001	0.001
0.001	0.001	0.001	0.997
0.997	0.001	0.001	0.001
0.997	0.001	0.001	0.001
0.997	0.001	0.001	0.001
0.001	0.997	0.001	0.001
0.001	0.001	0.001	0.997
0.761	0.226	0.001	0.012
0.997	0.001	0.001	0.001
0.579	0.001	0.419	0.001
0.001	0.181	0.001	0.817
>TAGTTAGTTAGT	22-TAGTTAGTTAGT	12.469115	-697.146368	0	T:520.0(2.05%),B:69.6(0.06%),P:1e-302	Tpos:750.9,Tstd:504.6,Bpos:875.8,Bstd:526.6,StrandBias:-0.4,Multiplicity:1.24
0.165	0.087	0.039	0.709
0.649	0.001	0.302	0.048
0.059	0.001	0.939	0.001
0.053	0.056	0.196	0.695
0.049	0.306	0.045	0.600
0.533	0.001	0.325	0.141
0.027	0.007	0.879	0.087
0.001	0.057	0.003	0.939
0.031	0.195	0.032	0.742
0.514	0.041	0.225	0.220
0.053	0.013	0.651	0.283
0.001	0.205	0.006	0.788
>GGAAGGAAGGAA	23-GGAAGGAAGGAA	10.730392	-443.334022	0	T:694.0(2.73%),B:563.8(0.49%),P:1e-192	Tpos:1085.2,Tstd:549.1,Bpos:933.6,Bstd:799.8,StrandBias:-0.8,Multiplicity:1.33
0.001	0.001	0.997	0.001
0.001	0.001	0.997	0.001
0.719	0.148	0.001	0.132
0.994	0.001	0.001	0.004
0.001	0.001	0.997	0.001
0.001	0.001	0.997	0.001
0.843	0.152	0.001	0.004
0.997	0.001	0.001	0.001
0.001	0.004	0.994	0.001
0.001	0.001	0.997	0.001
0.854	0.144	0.001	0.001
0.867	0.131	0.001	0.001
>GTTGGTTGGTTG	24-GTTGGTTGGTTG	14.675204	-413.651546	0	T:449.0(1.77%),B:199.5(0.17%),P:1e-179	Tpos:851.3,Tstd:533.1,Bpos:874.3,Bstd:953.4,StrandBias:-0.2,Multiplicity:1.58
0.040	0.004	0.946	0.010
0.039	0.047	0.012	0.902
0.001	0.001	0.001	0.997
0.018	0.003	0.970	0.009
0.033	0.006	0.960	0.001
0.001	0.032	0.001	0.966
0.025	0.001	0.001	0.973
0.013	0.001	0.969	0.017
0.029	0.001	0.969	0.001
0.001	0.024	0.001	0.974
0.001	0.018	0.001	0.980
0.211	0.005	0.772	0.012
>CTACTACTACTA	25-CTACTACTACTA	14.664259	-248.414409	0	T:198.0(0.78%),B:36.8(0.03%),P:1e-107	Tpos:997.9,Tstd:544.7,Bpos:990.9,Bstd:551.9,StrandBias:-0.3,Multiplicity:4.37
0.001	0.997	0.001	0.001
0.001	0.269	0.001	0.729
0.753	0.001	0.245	0.001
0.001	0.997	0.001	0.001
0.001	0.376	0.001	0.622
0.997	0.001	0.001	0.001
0.001	0.997	0.001	0.001
0.001	0.235	0.001	0.763
0.797	0.001	0.201	0.001
0.001	0.997	0.001	0.001
0.001	0.315	0.001	0.683
0.997	0.001	0.001	0.001
