>GAGGMAGACMAC	1-GAGGMAGACMAC,BestGuess:ARF10/MA1685.2/Jaspar(0.717)	10.050989	-5927.800816	0	T:5845.0(23.00%),B:2478.2(2.16%),P:1e-2574
0.208	0.186	0.591	0.015
0.848	0.001	0.120	0.031
0.028	0.009	0.834	0.129
0.050	0.016	0.912	0.022
0.382	0.352	0.176	0.091
0.937	0.001	0.009	0.053
0.032	0.001	0.932	0.035
0.968	0.007	0.008	0.017
0.017	0.944	0.032	0.007
0.523	0.429	0.001	0.047
0.695	0.183	0.089	0.033
0.177	0.790	0.023	0.010
>WTTWAAAAAAAA	2-WTTWAAAAAAAA,BestGuess:PB0182.1_Srf_2/Jaspar(0.884)	8.249778	-5753.154619	0	T:11233.0(44.20%),B:14767.5(12.84%),P:1e-2498
0.359	0.088	0.116	0.437
0.316	0.041	0.133	0.510
0.297	0.058	0.176	0.469
0.435	0.038	0.125	0.402
0.558	0.067	0.091	0.284
0.685	0.073	0.083	0.159
0.776	0.028	0.159	0.037
0.703	0.135	0.026	0.136
0.674	0.131	0.045	0.150
0.635	0.141	0.067	0.157
0.580	0.146	0.069	0.205
0.473	0.130	0.130	0.267
>TAGGCCTACA	2-TAGGCCTACA,BestGuess:ZFX(Zf)/mES-Zfx-ChIP-Seq(GSE11431)/Homer(0.835)	8.958219	-5459.334373	0	T:5763.0(22.68%),B:2822.0(2.45%),P:1e-2370
0.001	0.013	0.001	0.985
0.997	0.001	0.001	0.001
0.001	0.001	0.997	0.001
0.001	0.001	0.997	0.001
0.001	0.963	0.001	0.035
0.001	0.997	0.001	0.001
0.001	0.001	0.001	0.997
0.979	0.001	0.019	0.001
0.040	0.721	0.001	0.238
0.579	0.089	0.050	0.282
>CACACACACA	3-CACACACACA,BestGuess:SeqBias: CA-repeat(0.920)	5.382933	-5353.907102	0	T:11622.0(45.73%),B:16890.9(14.69%),P:1e-2325
0.001	0.612	0.386	0.001
0.997	0.001	0.001	0.001
0.001	0.701	0.297	0.001
0.997	0.001	0.001	0.001
0.001	0.732	0.266	0.001
0.997	0.001	0.001	0.001
0.001	0.671	0.327	0.001
0.997	0.001	0.001	0.001
0.001	0.698	0.300	0.001
0.997	0.001	0.001	0.001
>ACAACAACAACA	5-ACAACAACAACA,BestGuess:CG4360/MA2204.1/Jaspar(0.841)	8.432227	-4466.555176	0	T:15103.0(59.43%),B:31846.5(27.69%),P:1e-1939
0.607	0.081	0.147	0.165
0.328	0.533	0.030	0.109
0.840	0.019	0.123	0.018
0.614	0.013	0.192	0.181
0.035	0.825	0.010	0.130
0.965	0.005	0.011	0.019
0.804	0.025	0.107	0.064
0.184	0.771	0.025	0.020
0.874	0.009	0.116	0.001
0.684	0.029	0.268	0.019
0.276	0.671	0.003	0.050
0.905	0.065	0.012	0.018
>CAGTGGCACA	5-CAGTGGCACA,BestGuess:odd/dmmpmm(Noyes)/fly(0.668)	6.611592	-4463.220684	0	T:10781.0(42.42%),B:16681.4(14.51%),P:1e-1938
0.143	0.763	0.062	0.032
0.729	0.044	0.039	0.188
0.178	0.192	0.549	0.081
0.120	0.223	0.105	0.552
0.106	0.173	0.664	0.057
0.210	0.207	0.472	0.111
0.155	0.651	0.115	0.079
0.608	0.148	0.086	0.158
0.193	0.579	0.114	0.114
0.561	0.063	0.191	0.185
>GGGGGGGGGGGG	6-GGGGGGGGGGGG,BestGuess:SeqBias: polyC-repeat(0.930)	9.571033	-4417.188928	0	T:4247.0(16.71%),B:1599.6(1.39%),P:1e-1918
0.001	0.020	0.881	0.098
0.001	0.001	0.997	0.001
0.001	0.001	0.997	0.001
0.001	0.001	0.997	0.001
0.001	0.001	0.997	0.001
0.001	0.001	0.997	0.001
0.001	0.001	0.997	0.001
0.001	0.001	0.997	0.001
0.001	0.001	0.997	0.001
0.001	0.001	0.997	0.001
0.001	0.001	0.997	0.001
0.001	0.065	0.933	0.001
>TTCTTCTTCTTC	7-TTCTTCTTCTTC,BestGuess:Unknown4/Arabidopsis-Promoters/Homer(0.791)	6.726019	-4317.356243	0	T:13192.0(51.91%),B:25180.6(21.90%),P:1e-1874
0.027	0.028	0.020	0.925
0.013	0.029	0.006	0.952
0.001	0.948	0.013	0.038
0.010	0.017	0.006	0.967
0.007	0.021	0.005	0.967
0.001	0.949	0.015	0.035
0.011	0.017	0.006	0.966
0.005	0.021	0.007	0.967
0.001	0.940	0.025	0.034
0.013	0.021	0.007	0.959
0.009	0.032	0.020	0.939
0.001	0.912	0.011	0.076
>GATGATGATGAT	8-GATGATGATGAT,BestGuess:ZML2(C2C2gata)/col-ZML2-DAP-Seq(GSE60143)/Homer(0.908)	9.888648	-4192.704592	0	T:4172.0(16.42%),B:1700.9(1.48%),P:1e-1820
0.025	0.089	0.860	0.026
0.953	0.009	0.028	0.010
0.006	0.019	0.012	0.963
0.018	0.001	0.976	0.005
0.960	0.004	0.027	0.009
0.004	0.014	0.013	0.969
0.016	0.001	0.977	0.006
0.963	0.004	0.022	0.011
0.008	0.016	0.010	0.966
0.021	0.005	0.959	0.015
0.943	0.009	0.028	0.020
0.045	0.043	0.032	0.880
>TGGAGAWACATG	10-TGGAGAWACATG,BestGuess:OsEIL3/MA2351.1/Jaspar(0.707)	11.813821	-3928.337150	0	T:2878.0(11.32%),B:395.8(0.34%),P:1e-1706
0.001	0.001	0.001	0.997
0.001	0.001	0.997	0.001
0.001	0.004	0.994	0.001
0.997	0.001	0.001	0.001
0.001	0.001	0.997	0.001
0.997	0.001	0.001	0.001
0.461	0.001	0.001	0.537
0.748	0.211	0.040	0.001
0.001	0.967	0.001	0.031
0.997	0.001	0.001	0.001
0.001	0.001	0.001	0.997
0.001	0.001	0.774	0.224
>RCTGCAGCCA	11-RCTGCAGCCA,BestGuess:SOK2/SOK2_BUT14/4-SUT1(Harbison)/Yeast(0.787)	7.746782	-3639.360101	0	T:11891.0(46.79%),B:22934.4(19.94%),P:1e-1580
0.294	0.136	0.403	0.167
0.229	0.525	0.245	0.001
0.358	0.001	0.001	0.640
0.096	0.001	0.852	0.051
0.001	0.881	0.001	0.117
0.699	0.001	0.001	0.299
0.001	0.001	0.997	0.001
0.263	0.424	0.041	0.272
0.240	0.623	0.136	0.001
0.974	0.001	0.024	0.001
>CTCTCTCTCTCT	12-CTCTCTCTCTCT,BestGuess:RAMOSA1/MA1416.1/Jaspar(0.945)	15.980752	-3264.746753	0	T:2249.0(8.85%),B:205.3(0.18%),P:1e-1417
0.019	0.922	0.015	0.044
0.012	0.035	0.008	0.945
0.001	0.948	0.015	0.036
0.010	0.028	0.008	0.954
0.009	0.942	0.015	0.034
0.011	0.025	0.006	0.958
0.008	0.944	0.013	0.035
0.009	0.028	0.006	0.957
0.009	0.978	0.012	0.001
0.011	0.032	0.007	0.950
0.013	0.938	0.014	0.035
0.021	0.040	0.011	0.928
>AAAAATATTT	14-AAAAATATTT,BestGuess:cad/dmmpmm(Down)/fly(0.801)	8.964870	-3261.183453	0	T:13486.0(53.07%),B:30279.6(26.33%),P:1e-1416
0.597	0.140	0.101	0.162
0.751	0.180	0.068	0.001
0.855	0.091	0.001	0.053
0.705	0.098	0.001	0.196
0.884	0.001	0.001	0.114
0.001	0.038	0.001	0.960
0.665	0.001	0.333	0.001
0.159	0.001	0.001	0.839
0.244	0.001	0.017	0.738
0.001	0.001	0.001	0.997
>TGTGTCCAGT	15-TGTGTCCAGT,BestGuess:CNOT4(RRM)/Drosophila_melanogaster-RNCMPT00008-PBM/HughesRNA(0.721)	7.166904	-3058.791050	0	T:15012.0(59.07%),B:37322.7(32.46%),P:1e-1328
0.043	0.073	0.010	0.874
0.013	0.096	0.890	0.001
0.001	0.117	0.001	0.881
0.001	0.139	0.754	0.106
0.112	0.135	0.054	0.699
0.011	0.693	0.100	0.196
0.015	0.896	0.079	0.010
0.695	0.036	0.056	0.213
0.235	0.105	0.614	0.046
0.223	0.049	0.137	0.591
>GAGCACTTATGG	15-GAGCACTTATGG,BestGuess:ISL2/MA0914.2/Jaspar(0.667)	9.476786	-2990.807085	0	T:2894.0(11.39%),B:1054.9(0.92%),P:1e-1298
0.006	0.003	0.990	0.001
0.995	0.001	0.001	0.003
0.019	0.001	0.973	0.007
0.001	0.989	0.001	0.009
0.992	0.005	0.002	0.001
0.374	0.609	0.008	0.009
0.018	0.103	0.005	0.874
0.011	0.005	0.001	0.983
0.985	0.001	0.005	0.009
0.001	0.001	0.001	0.997
0.019	0.001	0.976	0.004
0.014	0.001	0.984	0.001
>GTGGCCAAGC	17-GTGGCCAAGC,BestGuess:RIM101/MA0368.1/Jaspar(0.725)	7.394799	-2647.229986	0	T:8430.0(33.17%),B:14966.6(13.01%),P:1e-1149
0.119	0.112	0.667	0.102
0.016	0.135	0.055	0.794
0.022	0.051	0.897	0.030
0.036	0.043	0.829	0.092
0.083	0.863	0.023	0.031
0.062	0.793	0.063	0.082
0.757	0.086	0.032	0.125
0.712	0.072	0.140	0.076
0.116	0.044	0.836	0.004
0.065	0.852	0.044	0.039
>CAGCHTCACWGC	17-CAGCHTCACWGC,BestGuess:ZAT10/MA1372.2/Jaspar(0.637)	7.908006	-2616.581626	0	T:8955.0(35.24%),B:16750.8(14.57%),P:1e-1136
0.304	0.664	0.005	0.027
0.870	0.016	0.009	0.105
0.283	0.001	0.564	0.152
0.043	0.632	0.141	0.184
0.223	0.365	0.133	0.279
0.223	0.008	0.059	0.710
0.068	0.744	0.162	0.026
0.696	0.265	0.003	0.036
0.003	0.869	0.051	0.077
0.473	0.005	0.001	0.521
0.073	0.056	0.804	0.067
0.313	0.597	0.001	0.089
>CCGCCAATGTCT	18-CCGCCAATGTCT,BestGuess:PB0164.1_Smad3_2/Jaspar(0.652)	10.750970	-2614.927294	0	T:2070.0(8.15%),B:387.6(0.34%),P:1e-1135
0.009	0.963	0.001	0.027
0.009	0.946	0.007	0.038
0.071	0.005	0.923	0.001
0.006	0.951	0.001	0.042
0.001	0.976	0.001	0.022
0.990	0.001	0.008	0.001
0.982	0.001	0.014	0.003
0.004	0.014	0.001	0.981
0.016	0.001	0.976	0.007
0.001	0.011	0.003	0.985
0.011	0.970	0.004	0.015
0.005	0.005	0.007	0.983
>CRTGAAGGTTTG	20-CRTGAAGGTTTG,BestGuess:Pp_0206(RRM)/Physcomitrella_patens-RNCMPT00206-PBM/HughesRNA(0.682)	11.555658	-2422.902371	0	T:1757.0(6.91%),B:213.7(0.19%),P:1e-1052
0.005	0.985	0.001	0.009
0.486	0.008	0.491	0.015
0.001	0.008	0.003	0.988
0.004	0.001	0.994	0.001
0.997	0.001	0.001	0.001
0.920	0.001	0.001	0.078
0.006	0.001	0.905	0.088
0.008	0.001	0.990	0.001
0.001	0.011	0.001	0.987
0.001	0.001	0.001	0.997
0.001	0.001	0.001	0.997
0.001	0.001	0.997	0.001
>CAGCTGTG	15-CAGCTGTG,BestGuess:Bhlha15/MA1472.3/Jaspar(0.830)	7.408578	-2358.613525	0	T:15722.0(61.87%),B:43978.5(38.24%),P:1e-1024
0.223	0.675	0.101	0.001
0.997	0.001	0.001	0.001
0.001	0.001	0.874	0.124
0.001	0.997	0.001	0.001
0.396	0.001	0.001	0.602
0.001	0.208	0.625	0.166
0.001	0.001	0.001	0.997
0.001	0.174	0.824	0.001
>ATTATTATTA	20-ATTATTATTA,BestGuess:Ubx/dmmpmm(Down)/fly(0.875)	11.840802	-1385.339122	0	T:3554.0(13.98%),B:4975.3(4.33%),P:1e-601
0.997	0.001	0.001	0.001
0.001	0.001	0.001	0.997
0.001	0.001	0.001	0.997
0.997	0.001	0.001	0.001
0.001	0.001	0.001	0.997
0.001	0.001	0.001	0.997
0.997	0.001	0.001	0.001
0.001	0.001	0.001	0.997
0.001	0.001	0.001	0.997
0.862	0.001	0.001	0.136
>AAGAAAGA	20-AAGAAAGA,BestGuess:Tb_0220(RRM)/Trypanosoma_brucei-RNCMPT00220-PBM/HughesRNA(0.890)	8.236954	-1164.058327	0	T:7456.0(29.34%),B:18184.5(15.81%),P:1e-505
0.700	0.100	0.100	0.100
0.700	0.100	0.100	0.100
0.100	0.100	0.700	0.100
0.700	0.100	0.100	0.100
0.700	0.100	0.100	0.100
0.700	0.100	0.100	0.100
0.100	0.100	0.700	0.100
0.700	0.100	0.100	0.100
>AGTCAGTGAG	21-AGTCAGTGAG,BestGuess:AZF1/MA2372.1/Jaspar(0.819)	8.250911	-1059.023905	0	T:7055.0(27.76%),B:17366.7(15.10%),P:1e-459
0.729	0.001	0.265	0.005
0.001	0.001	0.997	0.001
0.121	0.164	0.062	0.653
0.001	0.688	0.178	0.133
0.952	0.005	0.021	0.022
0.102	0.030	0.867	0.001
0.021	0.049	0.001	0.929
0.001	0.108	0.634	0.257
0.676	0.047	0.091	0.186
0.273	0.184	0.524	0.019
>CTTCMTTCCTTC	23-CTTCMTTCCTTC,BestGuess:ZNF24/MA1124.1/Jaspar(0.820)	12.885546	-1007.891497	0	T:1355.0(5.33%),B:896.3(0.78%),P:1e-437
0.277	0.678	0.015	0.030
0.001	0.001	0.001	0.997
0.001	0.121	0.001	0.877
0.001	0.997	0.001	0.001
0.431	0.567	0.001	0.001
0.001	0.001	0.001	0.997
0.001	0.001	0.001	0.997
0.001	0.997	0.001	0.001
0.316	0.682	0.001	0.001
0.001	0.001	0.001	0.997
0.002	0.001	0.001	0.996
0.001	0.997	0.001	0.001
>ACTAAACTAA	22-ACTAAACTAA,BestGuess:SPL15B/MA2432.1/Jaspar(0.812)	12.530266	-955.574536	0	T:1875.0(7.38%),B:2007.5(1.75%),P:1e-414
0.997	0.001	0.001	0.001
0.001	0.997	0.001	0.001
0.001	0.001	0.001	0.997
0.997	0.001	0.001	0.001
0.997	0.001	0.001	0.001
0.997	0.001	0.001	0.001
0.001	0.997	0.001	0.001
0.001	0.001	0.001	0.997
0.727	0.271	0.001	0.001
0.997	0.001	0.001	0.001
>CTACTACTACTA	25-CTACTACTACTA,BestGuess:SMP1/Literature(Harbison)/Yeast(0.682)	16.187618	-234.229565	0	T:198.0(0.78%),B:45.1(0.04%),P:1e-101
0.010	0.967	0.001	0.022
0.009	0.037	0.001	0.953
0.956	0.006	0.031	0.007
0.006	0.978	0.001	0.015
0.005	0.030	0.001	0.964
0.967	0.005	0.021	0.007
0.007	0.976	0.001	0.016
0.006	0.027	0.001	0.966
0.967	0.001	0.023	0.009
0.009	0.973	0.001	0.017
0.009	0.038	0.001	0.952
0.942	0.009	0.033	0.016
>GATAGATA	24-GATAGATA,BestGuess:ONECUT2/MA0756.3/Jaspar(0.775)	8.236954	-3.277890	0	T:2565.0(10.09%),B:11182.4(9.72%),P:1e-1
0.100	0.100	0.700	0.100
0.700	0.100	0.100	0.100
0.100	0.100	0.100	0.700
0.700	0.100	0.100	0.100
0.100	0.100	0.700	0.100
0.700	0.100	0.100	0.100
0.100	0.100	0.100	0.700
0.700	0.100	0.100	0.100
>GAGGGAGACHAM	1-GAGGGAGACHAM,BestGuess:ARF10/MA1685.2/Jaspar(0.754)	10.739588	-5740.596681	0	T:5342.0(21.02%),B:1934.8(1.68%),P:1e-2493
0.211	0.023	0.765	0.001
0.775	0.002	0.209	0.014
0.031	0.005	0.804	0.160
0.056	0.004	0.939	0.001
0.219	0.260	0.426	0.095
0.997	0.001	0.001	0.001
0.056	0.001	0.942	0.001
0.982	0.010	0.007	0.001
0.001	0.959	0.033	0.007
0.368	0.387	0.005	0.241
0.749	0.001	0.249	0.001
0.425	0.550	0.001	0.024
>TTTTTTAAAA	1-TTTTTTAAAA,BestGuess:Unknown6/Drosophila-Promoters/Homer(0.816)	10.906120	-5538.243893	0	T:7159.0(28.17%),B:5216.4(4.53%),P:1e-2405
0.074	0.031	0.032	0.863
0.038	0.001	0.026	0.935
0.001	0.001	0.001	0.997
0.001	0.023	0.001	0.975
0.001	0.001	0.001	0.997
0.112	0.022	0.001	0.865
0.722	0.001	0.001	0.276
0.997	0.001	0.001	0.001
0.997	0.001	0.001	0.001
0.827	0.043	0.039	0.091
>CACACACACA	2-CACACACACA,BestGuess:SeqBias: CA-repeat(0.933)	5.552455	-5317.236545	0	T:11937.0(46.97%),B:17968.9(15.62%),P:1e-2309
0.001	0.660	0.338	0.001
0.997	0.001	0.001	0.001
0.001	0.694	0.304	0.001
0.997	0.001	0.001	0.001
0.001	0.772	0.226	0.001
0.997	0.001	0.001	0.001
0.001	0.718	0.280	0.001
0.997	0.001	0.001	0.001
0.001	0.706	0.292	0.001
0.997	0.001	0.001	0.001
>TAGGCCTACA	3-TAGGCCTACA,BestGuess:ZFX(Zf)/mES-Zfx-ChIP-Seq(GSE11431)/Homer(0.835)	9.063553	-5312.242569	0	T:5763.0(22.68%),B:2981.9(2.59%),P:1e-2307
0.001	0.013	0.001	0.985
0.997	0.001	0.001	0.001
0.001	0.001	0.997	0.001
0.006	0.001	0.992	0.001
0.001	0.964	0.001	0.034
0.001	0.997	0.001	0.001
0.001	0.001	0.001	0.997
0.977	0.001	0.021	0.001
0.039	0.719	0.001	0.241
0.586	0.087	0.052	0.275
>GGGGGGGGGGGG	4-GGGGGGGGGGGG,BestGuess:SeqBias: polyC-repeat(0.935)	13.893202	-4649.377478	0	T:4213.0(16.58%),B:1359.4(1.18%),P:1e-2019
0.071	0.018	0.818	0.093
0.001	0.001	0.997	0.001
0.001	0.001	0.997	0.001
0.001	0.001	0.997	0.001
0.001	0.001	0.997	0.001
0.001	0.001	0.997	0.001
0.001	0.001	0.997	0.001
0.001	0.001	0.997	0.001
0.001	0.001	0.997	0.001
0.001	0.001	0.997	0.001
0.001	0.001	0.997	0.001
0.001	0.063	0.935	0.001
>TTTTTWTTWTTT	5-TTTTTWTTWTTT,BestGuess:SeqBias: A/T bias(0.813)	8.226212	-4635.853194	0	T:16833.0(66.24%),B:38350.8(33.33%),P:1e-2013
0.350	0.065	0.058	0.527
0.356	0.006	0.043	0.595
0.370	0.021	0.076	0.533
0.292	0.041	0.139	0.528
0.241	0.033	0.054	0.672
0.436	0.019	0.019	0.526
0.352	0.025	0.034	0.589
0.181	0.080	0.031	0.708
0.411	0.084	0.058	0.447
0.315	0.085	0.063	0.537
0.306	0.053	0.056	0.585
0.294	0.040	0.042	0.624
>CAGTGGCACA	5-CAGTGGCACA,BestGuess:CUP9/MA0288.1/Jaspar(0.712)	8.139351	-4556.427867	0	T:10168.0(40.01%),B:14596.2(12.69%),P:1e-1978
0.158	0.840	0.001	0.001
0.800	0.001	0.001	0.198
0.179	0.147	0.662	0.012
0.110	0.159	0.001	0.730
0.001	0.001	0.997	0.001
0.271	0.078	0.650	0.001
0.001	0.997	0.001	0.001
0.829	0.106	0.001	0.064
0.098	0.849	0.052	0.001
0.709	0.001	0.195	0.095
>TTCTTCTTCTTC	7-TTCTTCTTCTTC,BestGuess:Unknown4/Arabidopsis-Promoters/Homer(0.791)	6.302194	-4318.797882	0	T:14420.0(56.74%),B:29749.0(25.86%),P:1e-1875
0.025	0.028	0.022	0.925
0.013	0.030	0.007	0.950
0.001	0.949	0.012	0.038
0.009	0.018	0.007	0.966
0.007	0.021	0.005	0.967
0.001	0.947	0.014	0.038
0.011	0.020	0.006	0.963
0.005	0.023	0.007	0.965
0.001	0.939	0.024	0.036
0.013	0.022	0.007	0.958
0.007	0.031	0.021	0.941
0.001	0.910	0.011	0.078
>GATGATGATGAT	8-GATGATGATGAT,BestGuess:ZML2(C2C2gata)/col-ZML2-DAP-Seq(GSE60143)/Homer(0.908)	11.878041	-4280.011111	0	T:3450.0(13.58%),B:741.5(0.64%),P:1e-1858
0.023	0.087	0.865	0.025
0.954	0.008	0.027	0.011
0.006	0.019	0.013	0.962
0.017	0.001	0.977	0.005
0.964	0.004	0.024	0.008
0.004	0.013	0.013	0.970
0.017	0.001	0.976	0.006
0.961	0.005	0.022	0.012
0.006	0.016	0.009	0.969
0.023	0.004	0.957	0.016
0.939	0.008	0.031	0.022
0.047	0.044	0.031	0.878
>ACAACAACAACA	9-ACAACAACAACA,BestGuess:CG4360/MA2204.1/Jaspar(0.839)	8.386083	-4117.591843	0	T:15255.0(60.03%),B:33798.9(29.38%),P:1e-1788
0.601	0.051	0.154	0.194
0.303	0.541	0.022	0.134
0.823	0.019	0.152	0.006
0.568	0.016	0.199	0.217
0.050	0.801	0.007	0.142
0.962	0.008	0.014	0.016
0.829	0.001	0.094	0.076
0.184	0.766	0.029	0.021
0.957	0.002	0.038	0.003
0.698	0.032	0.246	0.024
0.263	0.657	0.001	0.079
0.894	0.072	0.011	0.023
>ACASRGVACA	8-ACASRGVACA,BestGuess:AR-halfsite(NR)/LNCaP-AR-ChIP-Seq(GSE27824)/Homer(0.668)	7.230124	-3995.120466	0	T:16917.0(66.57%),B:41323.2(35.92%),P:1e-1735
0.672	0.040	0.001	0.287
0.034	0.815	0.119	0.032
0.848	0.041	0.014	0.097
0.185	0.429	0.350	0.036
0.291	0.051	0.431	0.226
0.363	0.027	0.555	0.055
0.396	0.292	0.274	0.038
0.846	0.124	0.006	0.024
0.114	0.793	0.078	0.015
0.703	0.016	0.039	0.242
>TGCWGAAACATG	10-TGCWGAAACATG,BestGuess:DIG1/DIG1_YPD/32-STE12(Harbison)/Yeast(0.706)	8.672093	-3578.155533	0	T:8713.0(34.29%),B:12963.3(11.27%),P:1e-1553
0.123	0.001	0.005	0.871
0.131	0.125	0.564	0.180
0.023	0.589	0.387	0.001
0.503	0.001	0.103	0.393
0.057	0.001	0.941	0.001
0.801	0.012	0.028	0.159
0.729	0.095	0.120	0.056
0.741	0.029	0.229	0.001
0.101	0.677	0.110	0.112
0.758	0.192	0.030	0.020
0.168	0.056	0.093	0.683
0.014	0.004	0.861	0.121
>TCTCTCTCTCTC	11-TCTCTCTCTCTC,BestGuess:RAMOSA1/MA1416.1/Jaspar(0.946)	15.973002	-3325.497031	0	T:2265.0(8.91%),B:191.1(0.17%),P:1e-1444
0.017	0.038	0.011	0.934
0.011	0.939	0.014	0.036
0.010	0.026	0.007	0.957
0.008	0.942	0.015	0.035
0.010	0.024	0.007	0.959
0.001	0.952	0.012	0.035
0.010	0.026	0.006	0.958
0.008	0.946	0.012	0.034
0.010	0.032	0.006	0.952
0.010	0.944	0.012	0.034
0.015	0.032	0.007	0.946
0.017	0.927	0.018	0.038
>TGTGTCCA	6-TGTGTCCA,BestGuess:CNOT4(RRM)/Drosophila_melanogaster-RNCMPT00008-PBM/HughesRNA(0.772)	7.496612	-3090.146235	0	T:17159.0(67.52%),B:46594.2(40.50%),P:1e-1342
0.061	0.001	0.001	0.937
0.001	0.070	0.928	0.001
0.001	0.001	0.001	0.997
0.001	0.086	0.912	0.001
0.001	0.069	0.090	0.840
0.141	0.683	0.067	0.109
0.001	0.997	0.001	0.001
0.806	0.066	0.001	0.127
>GAGCACTTATGG	13-GAGCACTTATGG,BestGuess:ISL2/MA0914.2/Jaspar(0.669)	9.559735	-3000.558951	0	T:2937.0(11.56%),B:1103.4(0.96%),P:1e-1303
0.007	0.003	0.986	0.004
0.994	0.002	0.003	0.001
0.019	0.001	0.972	0.008
0.001	0.991	0.001	0.007
0.994	0.004	0.001	0.001
0.367	0.611	0.009	0.013
0.020	0.097	0.004	0.879
0.009	0.002	0.001	0.988
0.983	0.001	0.005	0.011
0.003	0.001	0.001	0.995
0.020	0.001	0.973	0.006
0.014	0.001	0.984	0.001
>TTTGTTTT	11-TTTGTTTT,BestGuess:HuR(RRM)/Homo_sapiens-RNCMPT00112-PBM/HughesRNA(0.951)	4.161567	-2761.769417	0	T:19218.0(75.62%),B:58284.4(50.66%),P:1e-1199
0.001	0.001	0.001	0.997
0.001	0.001	0.001	0.997
0.001	0.001	0.001	0.997
0.001	0.001	0.997	0.001
0.001	0.001	0.001	0.997
0.001	0.001	0.001	0.997
0.001	0.001	0.001	0.997
0.001	0.312	0.001	0.686
>CCGCCAATGTCT	15-CCGCCAATGTCT,BestGuess:PB0164.1_Smad3_2/Jaspar(0.652)	10.750094	-2651.174028	0	T:2040.0(8.03%),B:338.7(0.29%),P:1e-1151
0.009	0.965	0.003	0.023
0.010	0.948	0.006	0.036
0.072	0.001	0.926	0.001
0.006	0.952	0.003	0.039
0.001	0.972	0.001	0.026
0.992	0.001	0.006	0.001
0.985	0.001	0.013	0.001
0.005	0.015	0.001	0.979
0.019	0.001	0.973	0.007
0.001	0.010	0.001	0.988
0.014	0.964	0.004	0.018
0.001	0.004	0.005	0.990
>ATATATATAT	18-ATATATATAT,BestGuess:SPT15/MA0386.2/Jaspar(0.896)	10.296193	-2566.133515	0	T:2615.0(10.29%),B:1068.6(0.93%),P:1e-1114
0.700	0.100	0.100	0.100
0.100	0.100	0.100	0.700
0.700	0.100	0.100	0.100
0.100	0.100	0.100	0.700
0.700	0.100	0.100	0.100
0.100	0.100	0.100	0.700
0.700	0.100	0.100	0.100
0.100	0.100	0.100	0.700
0.700	0.100	0.100	0.100
0.100	0.100	0.100	0.700
>CRTGAAGGTTTG	18-CRTGAAGGTTTG,BestGuess:Pp_0206(RRM)/Physcomitrella_patens-RNCMPT00206-PBM/HughesRNA(0.682)	12.182007	-2416.397014	0	T:1739.0(6.84%),B:202.4(0.18%),P:1e-1049
0.001	0.988	0.001	0.010
0.486	0.005	0.495	0.015
0.004	0.010	0.003	0.983
0.004	0.001	0.994	0.001
0.996	0.001	0.002	0.001
0.917	0.001	0.003	0.079
0.006	0.001	0.905	0.088
0.006	0.001	0.992	0.001
0.001	0.009	0.001	0.989
0.001	0.001	0.001	0.997
0.001	0.001	0.001	0.997
0.001	0.001	0.997	0.001
>CAACATCACAGC	20-CAACATCACAGC,BestGuess:YBX1(CSD)/Homo_sapiens-RNCMPT00116-PBM/HughesRNA(0.704)	10.459984	-2059.171764	0	T:2009.0(7.91%),B:725.5(0.63%),P:1e-894
0.007	0.991	0.001	0.001
0.994	0.003	0.001	0.002
0.585	0.001	0.406	0.008
0.001	0.988	0.001	0.010
0.953	0.001	0.006	0.040
0.017	0.008	0.003	0.972
0.006	0.975	0.005	0.014
0.988	0.007	0.004	0.001
0.001	0.967	0.027	0.005
0.915	0.001	0.003	0.081
0.026	0.001	0.972	0.001
0.013	0.968	0.006	0.013
>GCTGGCTG	19-GCTGGCTG,BestGuess:ARF34/MA1693.2/Jaspar(0.823)	6.433279	-1956.850017	0	T:15350.0(60.40%),B:44726.3(38.87%),P:1e-849
0.144	0.001	0.803	0.052
0.103	0.841	0.001	0.055
0.029	0.001	0.001	0.969
0.001	0.001	0.901	0.097
0.172	0.001	0.814	0.013
0.001	0.885	0.037	0.077
0.102	0.001	0.001	0.896
0.034	0.001	0.964	0.001
>ACTAAACTAAAT	21-ACTAAACTAAAT,BestGuess:SPL15B/MA2432.1/Jaspar(0.796)	13.794798	-1598.249322	0	T:1412.0(5.56%),B:379.5(0.33%),P:1e-694
0.773	0.225	0.001	0.001
0.001	0.997	0.001	0.001
0.001	0.001	0.001	0.997
0.997	0.001	0.001	0.001
0.997	0.001	0.001	0.001
0.997	0.001	0.001	0.001
0.001	0.997	0.001	0.001
0.001	0.001	0.001	0.997
0.761	0.226	0.001	0.012
0.997	0.001	0.001	0.001
0.579	0.001	0.419	0.001
0.001	0.181	0.001	0.817
>CATYCATTCA	21-CATYCATTCA,BestGuess:WUS1(Homeobox)/colamp-WUS1-DAP-Seq(GSE60143)/Homer(0.875)	11.303185	-1153.575246	0	T:1385.0(5.45%),B:760.8(0.66%),P:1e-500
0.001	0.997	0.001	0.001
0.997	0.001	0.001	0.001
0.084	0.001	0.151	0.764
0.062	0.464	0.001	0.473
0.001	0.849	0.149	0.001
0.912	0.086	0.001	0.001
0.156	0.001	0.185	0.658
0.063	0.349	0.087	0.501
0.001	0.954	0.044	0.001
0.884	0.114	0.001	0.001
>TAGTTAGTTAGT	22-TAGTTAGTTAGT,BestGuess:MYB.PH3(2)(MYB)/Petunia hybrida/AthaMap(0.789)	12.469115	-697.146368	0	T:520.0(2.05%),B:69.6(0.06%),P:1e-302
0.165	0.087	0.039	0.709
0.649	0.001	0.302	0.048
0.059	0.001	0.939	0.001
0.053	0.056	0.196	0.695
0.049	0.306	0.045	0.600
0.533	0.001	0.325	0.141
0.027	0.007	0.879	0.087
0.001	0.057	0.003	0.939
0.031	0.195	0.032	0.742
0.514	0.041	0.225	0.220
0.053	0.013	0.651	0.283
0.001	0.205	0.006	0.788
>GGAAGGAAGGAA	23-GGAAGGAAGGAA,BestGuess:EWSR1-FLI1/MA0149.1/Jaspar(0.815)	10.730392	-443.334022	0	T:694.0(2.73%),B:563.8(0.49%),P:1e-192
0.001	0.001	0.997	0.001
0.001	0.001	0.997	0.001
0.719	0.148	0.001	0.132
0.994	0.001	0.001	0.004
0.001	0.001	0.997	0.001
0.001	0.001	0.997	0.001
0.843	0.152	0.001	0.004
0.997	0.001	0.001	0.001
0.001	0.004	0.994	0.001
0.001	0.001	0.997	0.001
0.854	0.144	0.001	0.001
0.867	0.131	0.001	0.001
>CTACTACTACTA	25-CTACTACTACTA,BestGuess:schlank/MA0193.1/Jaspar(0.650)	14.664259	-248.414409	0	T:198.0(0.78%),B:36.8(0.03%),P:1e-107
0.001	0.997	0.001	0.001
0.001	0.269	0.001	0.729
0.753	0.001	0.245	0.001
0.001	0.997	0.001	0.001
0.001	0.376	0.001	0.622
0.997	0.001	0.001	0.001
0.001	0.997	0.001	0.001
0.001	0.235	0.001	0.763
0.797	0.001	0.201	0.001
0.001	0.997	0.001	0.001
0.001	0.315	0.001	0.683
0.997	0.001	0.001	0.001
