>TGCCATTGYTTT	17-TGCCATTGYTTT	8.595432	-2508.546489	0	T:5060.0(19.91%),B:5935.7(5.16%),P:1e-1089
0.200	0.184	0.052	0.564
0.054	0.203	0.464	0.279
0.007	0.704	0.195	0.094
0.125	0.686	0.051	0.138
0.487	0.169	0.134	0.209
0.152	0.167	0.067	0.614
0.009	0.069	0.016	0.906
0.059	0.152	0.542	0.247
0.152	0.480	0.004	0.364
0.016	0.212	0.003	0.769
0.036	0.138	0.109	0.717
0.096	0.105	0.276	0.523
