>CATGTTTCWGCA	10-TGCWGAAACATG	8.672093	-3578.155533	0	T:8713.0(34.29%),B:12963.3(11.27%),P:1e-1553
0.121	0.861	0.004	0.014
0.683	0.093	0.056	0.168
0.020	0.030	0.192	0.758
0.112	0.110	0.677	0.101
0.001	0.229	0.029	0.741
0.056	0.120	0.095	0.729
0.159	0.028	0.012	0.801
0.001	0.941	0.001	0.057
0.393	0.103	0.001	0.503
0.001	0.387	0.589	0.023
0.180	0.564	0.125	0.131
0.871	0.005	0.001	0.123
