>TBCAGTGSCACW	14-TBCAGTGSCACW	8.513898	-2997.972774	0	T:5755.0(22.65%),B:6532.4(5.68%),P:1e-1301
0.183	0.159	0.064	0.594
0.055	0.373	0.276	0.296
0.012	0.898	0.008	0.082
0.582	0.129	0.049	0.240
0.005	0.117	0.763	0.115
0.309	0.011	0.065	0.615
0.002	0.081	0.904	0.013
0.063	0.436	0.428	0.074
0.005	0.704	0.003	0.288
0.891	0.011	0.023	0.075
0.111	0.555	0.313	0.021
0.384	0.033	0.051	0.532
