>ATCATCATCATC	8-GATGATGATGAT	11.878041	-4280.011111	0	T:3450.0(13.58%),B:741.5(0.64%),P:1e-1858
0.878	0.031	0.044	0.047
0.022	0.031	0.008	0.939
0.016	0.957	0.004	0.023
0.969	0.009	0.016	0.006
0.012	0.022	0.005	0.961
0.006	0.976	0.001	0.017
0.970	0.013	0.013	0.004
0.008	0.024	0.004	0.964
0.005	0.977	0.001	0.017
0.962	0.013	0.019	0.006
0.011	0.027	0.008	0.954
0.025	0.865	0.087	0.023
