>AGAGAGAGAGAG	16-AGAGAGAGAGAG	6.573193	-2664.130545	0	T:17089.0(67.25%),B:48467.6(42.15%),P:1e-1157
0.505	0.028	0.263	0.204
0.090	0.045	0.835	0.030
0.499	0.099	0.211	0.191
0.007	0.103	0.889	0.001
0.787	0.001	0.172	0.040
0.020	0.242	0.714	0.024
0.624	0.009	0.098	0.269
0.001	0.149	0.846	0.004
0.730	0.001	0.183	0.086
0.036	0.154	0.726	0.084
0.434	0.121	0.201	0.243
0.065	0.001	0.881	0.053
