>ACAACAACAACA	9-ACAACAACAACA,BestGuess:CG4360/MA2204.1/Jaspar(0.839)	8.386083	-4117.591843	0	T:15255.0(60.03%),B:33798.9(29.38%),P:1e-1788
0.601	0.051	0.154	0.194
0.303	0.541	0.022	0.134
0.823	0.019	0.152	0.006
0.568	0.016	0.199	0.217
0.050	0.801	0.007	0.142
0.962	0.008	0.014	0.016
0.829	0.001	0.094	0.076
0.184	0.766	0.029	0.021
0.957	0.002	0.038	0.003
0.698	0.032	0.246	0.024
0.263	0.657	0.001	0.079
0.894	0.072	0.011	0.023
