>TCTCTCTCTCTC	21-TCTCTCTCTCTC	9.325466	-1926.549226	0	T:5974.0(23.51%),B:9980.1(8.68%),P:1e-836
0.030	0.049	0.015	0.906
0.220	0.588	0.080	0.112
0.028	0.043	0.012	0.917
0.211	0.595	0.080	0.114
0.034	0.050	0.014	0.902
0.221	0.586	0.090	0.103
0.035	0.026	0.015	0.924
0.216	0.583	0.090	0.111
0.033	0.029	0.010	0.928
0.224	0.576	0.091	0.109
0.029	0.027	0.021	0.923
0.228	0.574	0.067	0.131
