>TAGTTAGTTAGT	22-TAGTTAGTTAGT,BestGuess:MYB.PH3(2)(MYB)/Petunia hybrida/AthaMap(0.789)	12.469115	-697.146368	0	T:520.0(2.05%),B:69.6(0.06%),P:1e-302
0.165	0.087	0.039	0.709
0.649	0.001	0.302	0.048
0.059	0.001	0.939	0.001
0.053	0.056	0.196	0.695
0.049	0.306	0.045	0.600
0.533	0.001	0.325	0.141
0.027	0.007	0.879	0.087
0.001	0.057	0.003	0.939
0.031	0.195	0.032	0.742
0.514	0.041	0.225	0.220
0.053	0.013	0.651	0.283
0.001	0.205	0.006	0.788
