>GAGAGAGAGAGA	11-TCTCTCTCTCTC	15.973002	-3325.497031	0	T:2265.0(8.91%),B:191.1(0.17%),P:1e-1444
0.038	0.018	0.927	0.017
0.946	0.007	0.032	0.015
0.034	0.012	0.944	0.010
0.952	0.006	0.032	0.010
0.034	0.012	0.946	0.008
0.958	0.006	0.026	0.010
0.035	0.012	0.952	0.001
0.959	0.007	0.024	0.010
0.035	0.015	0.942	0.008
0.957	0.007	0.026	0.010
0.036	0.014	0.939	0.011
0.934	0.011	0.038	0.017
