>TTTTTWTTWTTT	5-TTTTTWTTWTTT,BestGuess:SeqBias: A/T bias(0.813)	8.226212	-4635.853194	0	T:16833.0(66.24%),B:38350.8(33.33%),P:1e-2013
0.350	0.065	0.058	0.527
0.356	0.006	0.043	0.595
0.370	0.021	0.076	0.533
0.292	0.041	0.139	0.528
0.241	0.033	0.054	0.672
0.436	0.019	0.019	0.526
0.352	0.025	0.034	0.589
0.181	0.080	0.031	0.708
0.411	0.084	0.058	0.447
0.315	0.085	0.063	0.537
0.306	0.053	0.056	0.585
0.294	0.040	0.042	0.624
