>TTCTTCTTCTTC	7-TTCTTCTTCTTC,BestGuess:Unknown4/Arabidopsis-Promoters/Homer(0.791)	6.302194	-4318.797882	0	T:14420.0(56.74%),B:29749.0(25.86%),P:1e-1875
0.025	0.028	0.022	0.925
0.013	0.030	0.007	0.950
0.001	0.949	0.012	0.038
0.009	0.018	0.007	0.966
0.007	0.021	0.005	0.967
0.001	0.947	0.014	0.038
0.011	0.020	0.006	0.963
0.005	0.023	0.007	0.965
0.001	0.939	0.024	0.036
0.013	0.022	0.007	0.958
0.007	0.031	0.021	0.941
0.001	0.910	0.011	0.078
