>NTGACCYMKRGGTCA	FXR(NR),ER2/Liver-FXR-ChIP-Seq(GSE133700)/Homer	6.686777	-91.716038	0	T:5150.0(20.27%),B:19237.1(16.72%),P:1e-39
0.270	0.243	0.249	0.238
0.034	0.088	0.025	0.853
0.137	0.028	0.827	0.008
0.502	0.195	0.175	0.128
0.095	0.828	0.028	0.049
0.097	0.845	0.001	0.057
0.078	0.377	0.140	0.404
0.242	0.388	0.172	0.198
0.205	0.171	0.377	0.248
0.424	0.120	0.377	0.079
0.069	0.001	0.846	0.084
0.038	0.028	0.843	0.091
0.125	0.192	0.194	0.489
0.008	0.832	0.029	0.131
0.857	0.018	0.091	0.034
