>GGAACAGAVTGTCCT	MRE(NR)/Neuro2A-NR3C2-ChIPnexus(GSE115417)/Homer	3.749918	-92.173195	0	T:14362.0(56.51%),B:59725.4(51.91%),P:1e-40
0.201	0.001	0.763	0.035
0.035	0.001	0.956	0.008
0.471	0.184	0.243	0.102
0.955	0.001	0.022	0.022
0.001	0.990	0.008	0.001
0.869	0.001	0.009	0.121
0.075	0.261	0.540	0.124
0.456	0.184	0.201	0.159
0.278	0.295	0.369	0.058
0.139	0.049	0.009	0.803
0.001	0.001	0.997	0.001
0.013	0.009	0.013	0.965
0.097	0.577	0.241	0.085
0.008	0.956	0.001	0.035
0.084	0.197	0.009	0.710
