>RGGTCAGGGTGACCT	ERb(NR),IR3/Ovary-ERb-ChIP-Seq(GSE203391)/Homer	7.910260	-57.733897	0	T:2464.0(9.70%),B:8838.6(7.68%),P:1e-25
0.486	0.029	0.435	0.050
0.140	0.001	0.780	0.079
0.137	0.025	0.802	0.036
0.169	0.083	0.227	0.521
0.001	0.957	0.003	0.039
0.866	0.004	0.090	0.040
0.194	0.206	0.474	0.126
0.209	0.011	0.575	0.205
0.194	0.226	0.493	0.086
0.065	0.194	0.022	0.719
0.079	0.093	0.827	0.001
0.647	0.165	0.047	0.141
0.040	0.852	0.029	0.079
0.079	0.870	0.001	0.050
0.029	0.359	0.040	0.572
